keyword,clientTime,serverTime,totalTime,resultLength,w1,w2
F19998#F16238,158,829631,829791,0,10,37
F19998#F16235,151,831546,831699,0,10,38
F19998#F16214,151,838128,838281,0,10,39
F19998#F16208,155,845113,845271,0,10,40
F19998#F16184,151,869887,870040,0,10,41
F19998#F16130,158,853644,853805,0,10,42
F19998#F16090,158,863796,863957,0,10,43
F19998#F16023,143,1002946,1003091,0,10,44
F19998#F15924,146,807436,807584,0,10,45
F19998#F15885,147,1094280,1094430,1,10,46
F19998#F15849,149,809493,809644,0,10,47
F19998#F15747,155,796645,796803,0,10,48
F19998#F15700,147,797821,797971,0,10,49
F19998#F15569,142,797053,797197,0,10,50
F19998#F15547,143,810052,810197,0,10,51
F19998#F15477,143,833483,833628,0,10,52
F19998#F15415,147,813626,813775,0,10,53
F19998#F15343,157,841857,842016,0,10,54
F19998#F15199,152,984714,984868,0,10,55
F19998#F15114,148,856322,856473,0,10,56
F19998#F15029,234,1102769,1103006,0,10,57
F19998#F15003,153,839490,839645,2,10,58
F19998#F14877,152,829649,829804,0,10,59
F19998#F14805,152,831917,832071,0,10,60
F19998#F14736,156,833657,833815,0,10,61
F19998#F14645,154,839405,839561,0,10,62
F19998#F14621,152,862316,862470,0,10,63
F19998#F14498,143,862121,862267,0,10,64
F19998#F14396,156,879937,880096,0,10,65
F19998#F14377,155,1026579,1026736,0,10,66
F19998#F14270,156,902905,903064,0,10,67
F19998#F14173,235,1075159,1075397,0,10,68
F19998#F14061,153,811275,811431,0,10,69
F19998#F13990,155,803959,804116,0,10,70
F19998#F13973,150,803468,803620,0,10,71
F19998#F13834,147,801705,801855,0,10,72
F19998#F13757,142,810260,810404,0,10,73
F19998#F13740,146,831953,832101,0,10,74
F19998#F13640,142,815357,815501,0,10,75
F19998#F13574,144,846277,846424,1,10,76
F19998#F13494,151,993690,993843,0,10,77
F19998#F13434,149,892238,892390,0,10,78
F19998#F13361,226,1020984,1021214,0,10,79
F19998#F13313,147,797929,798079,0,10,80
F19998#F13182,147,792190,792340,0,10,81
F19998#F13093,142,795715,795859,1,10,82
F19998#F13082,143,795877,796023,0,10,83
F19998#F13005,142,804041,804185,0,10,84
F19998#F12930,150,830123,830275,0,10,85
F19998#F12893,158,814063,814223,0,10,86
F19998#F12810,143,848142,848287,0,10,87
F19998#F12745,143,990961,991107,0,10,88
F19998#F12626,145,901897,902046,0,10,89
F19998#F12547,240,1024449,1024692,1,10,90
F19998#F12523,148,851388,851539,0,10,91
F19998#F12401,150,838782,838935,0,10,92
F19998#F12337,157,840675,840834,1,10,93
F19998#F12284,154,834848,835004,0,10,94
F19998#F12231,144,843255,843401,0,10,95
F19998#F12103,149,870139,870291,1,10,96
F19998#F12020,150,852480,852632,0,10,97
F19998#F11994,153,889558,889713,0,10,98
F19998#F11907,151,1034127,1034281,0,10,99
F19998#F11843,143,919838,919984,0,10,100
F19998#F11784,237,1009702,1009942,0,10,101
F19998#F11768,146,802239,802387,0,10,102
F19998#F11701,148,802887,803037,1,10,103
F19998#F11646,138,810545,810685,0,10,104
F19998#F11583,154,830134,830290,0,10,105
F19998#F11512,150,840031,840184,0,10,106
F19998#F11426,151,865805,865958,0,10,107
F19998#F11379,162,849374,849538,0,10,108
F19998#F11334,153,862850,863005,0,10,109
F19998#F11220,145,998616,998763,0,10,110
F19998#F11134,150,932810,932962,0,10,111
F19998#F11048,244,978162,978409,1,10,112
F19998#F11011,145,804737,804885,1,10,113
F19998#F10940,155,833612,833770,0,10,114
F19998#F10916,150,832441,832595,0,10,115
F19998#F10815,151,833372,833525,0,10,116
F19998#F10780,158,840152,840313,1,10,117
F19998#F10738,147,867368,867517,0,10,118
F19998#F10630,148,851951,852101,0,10,119
F19998#F10622,150,899338,899492,0,10,120
F19998#F10552,155,1045563,1045720,0,10,121
F19998#F10454,168,996020,996192,1,10,122
F19998#F10413,230,927273,927506,0,10,123
F19998#F10362,144,803357,803504,0,10,124
F19998#F10306,153,799258,799413,2,10,125
F19998#F10226,156,805977,806135,0,10,126
F19998#F10177,142,811778,811922,0,10,127
F19998#F10108,145,818754,818901,0,10,128
F19998#F10044,144,842405,842551,0,10,129
F19998#F10035,148,828309,828460,0,10,130
F19998#F9978,140,878712,878855,0,10,131
F19998#F9916,146,997004,997153,0,10,132
F19998#F9872,144,1014306,1014453,0,10,133
F19998#F9779,232,858459,858694,0,10,134
F19998#F9774,150,794806,794959,0,10,135
F19998#F9692,144,803477,803623,2,10,136
F19998#F9644,145,814643,814791,0,10,137
F19998#F9570,148,799615,799765,1,10,138
F19998#F9522,148,802061,802212,0,10,139
F19998#F9501,150,841050,841203,0,10,140
F19998#F9411,140,818283,818426,0,10,141
F19998#F9379,149,879033,879184,0,10,142
F19998#F9330,151,980655,980808,0,10,143
F19998#F9283,145,1056424,1056572,0,10,144
F19998#F9252,159,863528,863690,1,10,145
F19998#F9204,155,813340,813497,0,10,146
F19998#F9126,144,797423,797569,0,10,147
F19998#F9093,141,800049,800193,0,10,148
F19998#F9029,146,803350,803498,0,10,149
F19998#F8952,143,806759,806903,0,10,150
F19998#F8913,150,839716,839868,2,10,151
F19998#F8877,139,830190,830332,0,10,152
F19998#F8831,143,889898,890043,0,10,153
F19998#F8798,146,967068,967215,0,10,154
F19998#F8754,139,1070262,1070404,2,10,155
F19998#F8716,157,860355,860514,0,10,156
F19998#F8648,152,838167,838321,0,10,157
F19998#F8637,151,835928,836081,0,10,158
F19998#F8593,157,836771,836931,0,10,159
F19998#F8536,152,842100,842255,0,10,160
F19998#F8501,155,850852,851009,1,10,161
F19998#F8435,160,877119,877281,0,10,162
F19998#F8407,156,867995,868153,0,10,163
F19998#F8312,163,958853,959018,0,10,164
F19998#F8251,155,952799,952956,0,10,165
F19998#F8226,153,1086027,1086182,0,10,166
F19998#F8185,155,819043,819201,2,10,167
F19998#F8157,147,800329,800479,1,10,168
F19998#F8081,146,795326,795476,0,10,169
F19998#F8066,145,799278,799425,0,10,170
F19998#F8026,150,806243,806396,0,10,171
F19998#F7966,148,823806,823957,4,10,172
F19998#F7911,148,818717,818867,0,10,173
F19998#F7888,149,822164,822315,0,10,174
F19998#F7847,147,935256,935406,0,10,175
F19998#F7811,144,912696,912842,0,10,176
F19998#F7747,144,1083816,1083963,0,10,177
F19998#F7737,153,827143,827299,0,10,178
F19998#F7681,148,803887,804038,1,10,179
F19998#F7667,150,801106,801259,1,10,180
F19998#F7595,142,805438,805583,0,10,181
F19998#F7556,148,808922,809072,0,10,182
F19998#F7515,146,830252,830400,1,10,183
F19998#F7474,143,809293,809438,0,10,184
F19998#F7446,142,832201,832345,0,10,185
F19998#F7393,148,966203,966355,1,10,186
F19998#F7352,146,909686,909836,0,10,187
F19998#F7344,232,1041651,1041886,0,10,188
F19998#F7302,146,843510,843658,0,10,189
F19998#F7261,152,802909,803064,0,10,190
F19998#F7230,152,794412,794566,0,10,191
F19998#F7189,148,797224,797374,1,10,192
F19998#F7172,146,806049,806198,0,10,193
F19998#F7136,147,831088,831238,0,10,194
F19998#F7074,147,819098,819248,1,10,195
F19998#F7021,149,852190,852341,1,10,196
F19998#F7007,148,995342,995493,2,10,197
F19998#F6947,147,947581,947731,0,10,198
F19998#F6930,231,982489,982726,2,10,199
F19998#F6882,155,833892,834049,2,10,200
F19998#F6853,146,832698,832847,0,10,201
F19998#F6826,153,814793,814949,0,10,202
F19998#F6766,150,797446,797598,1,10,203
F19998#F6717,149,808876,809027,0,10,204
F19998#F6701,148,833636,833787,0,10,205
F19998#F6657,147,816207,816357,0,10,206
F19998#F6623,149,857928,858079,0,10,207
F19998#F6588,144,1001160,1001306,0,10,208
F19998#F6550,149,980594,980745,1,10,209
F19998#F6510,230,939391,939624,1,10,210
F19998#F6480,155,832752,832910,0,10,211
F19998#F6449,161,795407,795570,0,10,212
F19998#F6415,142,794741,794885,1,10,213
F19998#F6398,152,799151,799304,0,10,214
F19998#F6355,154,810954,811110,0,10,215
F19998#F6330,171,833198,833372,0,10,216
F19998#F6276,163,815989,816154,0,10,217
F19998#F6256,159,870830,870992,0,10,218
F19998#F6231,157,992461,992620,0,10,219
F19998#F6210,148,1044522,1044672,1,10,220
F19998#F6176,235,880430,880668,1,10,221
F19998#F6158,150,842937,843090,0,10,222
F19998#F6106,151,829610,829764,0,10,223
F19998#F6070,144,840378,840525,0,10,224
F19998#F6064,155,841914,842072,0,10,225
F19998#F6019,149,846848,846999,0,10,226
F19998#F5972,149,854550,854703,0,10,227
F19998#F5940,146,822149,822298,0,10,228
F19998#F5923,149,885205,885357,0,10,229
F19998#F5908,155,989851,990008,2,10,230
F19998#F5876,162,1061601,1061765,0,10,231
F19998#F5857,160,833743,833905,0,10,232
F19998#F5835,147,800593,800743,0,10,233
F19998#F5783,145,800659,800806,0,10,234
F19998#F5774,151,797475,797628,1,10,235
F19998#F5736,146,800756,800904,0,10,236
F19998#F5706,146,807393,807542,0,10,237
F19998#F5679,150,830826,830978,2,10,238
F19998#F5642,148,831950,832101,0,10,239
F19998#F5615,152,906156,906311,0,10,240
F19998#F5600,154,963171,963327,1,10,241
F19998#F5583,148,1085474,1085624,0,10,242
F19998#F5565,157,810960,811120,0,10,243
F19998#F5538,152,812553,812707,0,10,244
F19998#F5503,162,832616,832781,1,10,245
F19998#F5485,147,842407,842557,0,10,246
F19998#F5473,154,847961,848118,0,10,247
F19998#F5444,158,870210,870370,0,10,248
F19998#F5401,153,844912,845068,0,10,249
F19998#F5391,147,826136,826286,1,10,250
F19998#F5362,146,925812,925961,0,10,251
F19998#F5349,153,916429,916585,0,10,252
F19998#F5321,141,1083495,1083638,0,10,253
F19998#F5285,150,838777,838928,0,10,254
F19998#F5269,158,834290,834451,1,10,255
F19998#F5254,157,829762,829922,0,10,256
F19998#F5230,148,837182,837332,0,10,257
F19998#F5200,155,845814,845972,0,10,258
F19998#F5183,147,868221,868370,0,10,259
F19998#F5164,144,822016,822162,0,10,260
F19998#F5149,147,834854,835004,1,10,261
F19998#F5112,147,1000215,1000364,1,10,262
F19998#F5095,152,951132,951288,0,10,263
F19998#F5086,247,1038906,1039156,0,10,264
F19998#F5050,161,810065,810229,0,10,265
F19998#F5029,159,797321,797484,0,10,266
F19998#F5010,156,801815,801972,1,10,267
F19998#F4998,152,800047,800202,0,10,268
F19998#F4985,145,809407,809555,0,10,269
F19998#F4954,148,831603,831753,0,10,270
F19998#F4920,141,812129,812272,0,10,271
F19998#F4917,147,848866,849015,0,10,272
F19998#F4872,153,993285,993440,0,10,273
F19998#F4867,159,969729,969891,1,10,274
F19998#F4842,247,973933,974184,0,10,275
F19998#F4822,152,834936,835091,1,10,276
F19998#F4798,155,833598,833756,1,10,277
F19998#F4775,160,831943,832106,0,10,278
F19998#F4759,156,833198,833357,1,10,279
F19998#F4739,149,822099,822250,1,10,280
F19998#F4709,152,835176,835330,2,10,281
F19998#F4684,143,821141,821287,0,10,282
F19998#F4670,149,863382,863534,1,10,283
F19998#F4656,148,1003140,1003291,1,10,284
F19998#F4634,152,1034476,1034631,0,10,285
F19998#F4628,239,883754,883996,2,10,286
F19998#F4614,152,809936,810090,0,10,287
F19998#F4578,153,831746,831902,0,10,288
F19998#F4561,153,833646,833802,1,10,289
F19998#F4545,154,842572,842728,0,10,290
F19998#F4536,152,814282,814436,0,10,291
F19998#F4524,150,831843,831995,0,10,292
F19998#F4510,144,819541,819687,0,10,293
F19998#F4479,140,880523,880664,0,10,294
F19998#F4450,152,988336,988490,0,10,295
F19998#F4436,152,1076599,1076753,1,10,296
F19998#F4426,157,849201,849361,0,10,297
F19998#F4397,155,831623,831781,0,10,298
F19998#F4392,156,831696,831855,0,10,299
F19998#F4368,155,829393,829550,0,10,300
F19998#F4345,157,836588,836747,0,10,301
F19998#F4337,155,844010,844168,0,10,302
F19998#F4317,154,868198,868355,0,10,303
F19998#F4310,153,858616,858770,1,10,304
F19998#F4289,158,941827,941987,0,10,305
F19998#F4261,153,1006071,1006226,2,10,306
F19998#F4243,160,1101164,1101326,0,10,307
F19998#F4221,149,821699,821851,0,10,308
F19998#F4200,149,802621,802772,2,10,309
F19998#F4175,161,831205,831368,1,10,310
F19998#F4167,158,820137,820297,1,10,311
F19998#F4148,157,803571,803732,1,10,312
F19998#F4125,150,826584,826736,1,10,313
F19998#F4104,150,827267,827419,1,10,314
F19998#F4094,151,831313,831466,1,10,315
F19998#F4075,146,932984,933133,0,10,316
F19998#F4062,148,926772,926922,0,10,317
F19998#F4046,156,1095120,1095278,0,10,318
F19998#F4023,151,818392,818546,0,10,319
F19998#F4016,156,802883,803041,0,10,320
F19998#F3990,146,809862,810010,0,10,321
F19998#F3978,157,843836,843996,1,10,322
F19998#F3960,159,849184,849346,0,10,323
F19998#F3940,158,839400,839561,0,10,324
F19998#F3925,154,814478,814635,0,10,325
F19998#F3909,151,838103,838256,1,10,326
F19998#F3897,147,962777,962927,0,10,327
F19998#F3878,151,905519,905673,1,10,328
F19998#F3877,240,1058658,1058901,0,10,329
F19998#F3856,155,839265,839423,0,10,330
F19998#F3840,157,812124,812284,0,10,331
F19998#F3829,167,836759,836929,1,10,332
F19998#F3824,153,838045,838200,0,10,333
F19998#F3799,149,847387,847538,0,10,334
F19998#F3790,155,838058,838216,0,10,335
F19998#F3770,146,815505,815653,0,10,336
F19998#F3748,147,841365,841515,2,10,337
F19998#F3742,143,985388,985533,0,10,338
F19998#F3729,148,958756,958907,0,10,339
F19998#F3702,234,1005128,1005365,0,10,340
F19998#F3688,150,804691,804843,0,10,341
F19998#F3680,147,803520,803669,0,10,342
F19998#F3654,143,804285,804430,0,10,343
F19998#F3643,153,804783,804939,1,10,344
F19998#F3631,146,814747,814896,0,10,345
F19998#F3620,152,835184,835338,2,10,346
F19998#F3604,150,819670,819823,0,10,347
F19998#F3589,138,859063,859204,0,10,348
F19998#F3582,152,1008078,1008233,1,10,349
F19998#F3566,152,996827,996983,2,10,350
F19998#F3546,246,919131,919380,0,10,351
F19998#F3533,159,806043,806205,0,10,352
F19998#F3518,153,806245,806401,0,10,353
F19998#F3513,148,806042,806193,1,10,354
F19998#F3499,155,805560,805718,2,10,355
F19998#F3483,146,814457,814605,0,10,356
F19998#F3478,151,841148,841301,2,10,357
F19998#F3460,151,823446,823599,0,10,358
F19998#F3448,141,877978,878121,1,10,359
F19998#F3428,147,1005860,1006010,0,10,360
F19998#F3411,145,1057716,1057864,0,10,361
F19998#F3398,243,864966,865212,0,10,362
F19998#F3391,162,836101,836264,2,10,363
F19998#F3374,149,819624,819776,1,10,364
F19998#F3361,155,812065,812222,0,10,365
F19998#F3353,145,823613,823760,0,10,366
F19998#F3334,148,814394,814544,0,10,367
F19998#F3322,151,845873,846026,1,10,368
F19998#F3318,146,848389,848537,0,10,369
F19998#F3297,154,890407,890563,1,10,370
F19998#F3292,144,986764,986911,3,10,371
F19998#F3281,145,1094582,1094729,0,10,372
F19998#F3271,158,854661,854821,0,10,373
F19998#F3252,166,815809,815978,2,10,374
F19998#F3238,156,804602,804761,0,10,375
F19998#F3231,148,805482,805632,0,10,376
F19998#F3225,152,804415,804569,0,10,377
F19998#F3197,147,811965,812114,1,10,378
F19998#F3189,156,832272,832430,0,10,379
F19998#F3178,150,824930,825081,0,10,380
F19998#F3161,151,934267,934421,0,10,381
F19998#F3155,162,975725,975889,0,10,382
F19998#F3145,155,1103567,1103725,0,10,383
F19998#F3141,158,818548,818709,0,10,384
F19998#F3122,149,821669,821821,1,10,385
F19998#F3117,168,830717,830888,0,10,386
F19998#F3104,160,831186,831348,2,10,387
F19998#F3102,160,844688,844851,1,10,388
F19998#F3092,150,869600,869752,0,10,389
F19998#F3076,155,853259,853417,0,10,390
F19998#F3071,158,859646,859808,1,10,391
F19998#F3055,147,967996,968146,1,10,392
F19998#F3038,153,955845,956001,0,10,393
F19998#F3032,241,1023356,1023602,0,10,394
F19998#F3018,167,833935,834105,0,10,395
F19998#F3010,165,829175,829343,0,10,396
F19998#F3001,161,811944,812108,0,10,397
F19998#F2998,151,799526,799680,2,10,398
F19998#F2985,146,831171,831320,0,10,399
F19998#F2980,157,857847,858007,0,10,400
F19998#F2961,156,854479,854639,0,10,401
F19998#F2949,155,893257,893414,0,10,402
F19998#F2945,157,1041668,1041827,0,10,403
F19998#F2924,161,1023844,1024007,1,10,404
F19998#F2912,263,934310,934576,0,10,405
F19998#F2901,151,800573,800726,0,10,406
F19998#F2895,143,797762,797908,0,10,407
F19998#F2886,148,797958,798109,1,10,408
F19998#F2871,145,801482,801629,1,10,409
F19998#F2862,146,808478,808626,0,10,410
F19998#F2851,149,832886,833039,0,10,411
F19998#F2837,147,812914,813063,0,10,412
F19998#F2836,141,869614,869758,0,10,413
F19998#F2808,145,1003243,1003391,1,10,414
F19998#F2794,155,1068450,1068607,0,10,415
F19998#F2783,252,856351,856606,4,10,416
F19998#F2770,160,845919,846082,1,10,417
F19998#F2763,154,838080,838237,3,10,418
F19998#F2749,156,841135,841293,0,10,419
F19998#F2744,155,826130,826288,0,10,420
F19998#F2736,142,811532,811676,0,10,421
F19998#F2731,151,840747,840900,1,10,422
F19998#F2725,158,825610,825770,0,10,423
F19998#F2719,149,896938,897089,1,10,424
F19998#F2704,152,977703,977857,1,10,425
F19998#F2696,150,1084440,1084592,1,10,426
F19998#F2681,158,832848,833009,1,10,427
F19998#F2680,155,803397,803555,1,10,428
F19998#F2671,151,803006,803159,0,10,429
F19998#F2652,157,801692,801851,0,10,430
F19998#F2637,149,812803,812954,0,10,431
F19998#F2634,149,823096,823248,0,10,432
F19998#F2621,150,829896,830049,0,10,433
F19998#F2609,153,837526,837681,1,10,434
F19998#F2605,153,926556,926712,0,10,435
F19998#F2594,154,931935,932091,1,10,436
F19998#F2591,152,1088921,1089075,0,10,437
F19998#F2580,155,814838,814996,0,10,438
F19998#F2576,148,799161,799312,2,10,439
F19998#F2568,152,797957,798111,1,10,440
F19998#F2563,158,803024,803185,0,10,441
F19998#F2554,147,815958,816107,0,10,442
F19998#F2548,147,840423,840572,0,10,443
F19998#F2546,160,814896,815058,7,10,444
F19998#F2526,147,837548,837698,1,10,445
F19998#F2520,152,978799,978954,0,10,446
F19998#F2514,155,983584,983742,0,10,447
F19998#F2504,243,990417,990663,1,10,448
F19998#F2493,150,800425,800577,0,10,449
F19998#F2482,158,795407,795568,1,10,450
F19998#F2463,147,797726,797876,0,10,451
F19998#F2457,150,799479,799631,1,10,452
F19998#F2448,143,810765,810910,3,10,453
F19998#F2445,145,833976,834124,1,10,454
F19998#F2440,146,817046,817193,0,10,455
F19998#F2426,157,891891,892051,1,10,456
F19998#F2416,164,1052879,1053046,0,10,457
F19998#F2411,156,1096238,1096396,1,10,458
F19998#F2403,156,858397,858556,1,10,459
F19998#F2399,156,804562,804721,0,10,460
F19998#F2394,140,800457,800598,0,10,461
F19998#F2381,147,805553,805702,0,10,462
F19998#F2373,147,806491,806640,0,10,463
F19998#F2366,151,812845,812998,0,10,464
F19998#F2357,152,841226,841380,1,10,465
F19998#F2345,152,828897,829052,2,10,466
F19998#F2335,154,894232,894388,0,10,467
F19998#F2333,150,977611,977764,0,10,468
F19998#F2326,153,1089142,1089298,0,10,469
F19998#F2319,154,829264,829419,0,10,470
F19998#F2312,153,806232,806387,0,10,471
F19998#F2305,147,807889,808038,0,10,472
F19998#F2303,148,806740,806890,1,10,473
F19998#F2297,151,816675,816828,0,10,474
F19998#F2294,147,836145,836295,0,10,475
F19998#F2284,155,826247,826404,2,10,476
F19998#F2278,156,836508,836666,0,10,477
F19998#F2271,149,946935,947086,0,10,478
F19998#F2263,146,927772,927919,0,10,479
F19998#F2251,143,1105257,1105403,0,10,480
F19998#F2244,157,822896,823055,1,10,481
F19998#F2238,144,805673,805820,2,10,482
F19998#F2227,148,807180,807331,1,10,483
F19998#F2221,145,803665,803813,0,10,484
F19998#F2215,154,810761,810918,0,10,485
F19998#F2209,148,835643,835793,0,10,486
F19998#F2202,141,814457,814600,0,10,487
F19998#F2199,148,840743,840893,0,10,488
F19998#F2185,142,979629,979774,0,10,489
F19998#F2180,157,966982,967141,0,10,490
F19998#F2172,250,1018761,1019014,0,10,491
F19998#F2165,166,841010,841178,0,10,492
F19998#F2158,161,838454,838618,0,10,493
F19998#F2149,167,836286,836456,4,10,494
F19998#F2139,157,837967,838126,0,10,495
F19998#F2135,156,848501,848659,1,10,496
F19998#F2130,157,871490,871649,0,10,497
F19998#F2120,151,859253,859406,1,10,498
F19998#F2118,161,899710,899873,3,10,499
F19998#F2109,149,1049753,1049904,1,10,500
F19998#F2099,154,1057581,1057738,0,10,501
F19998#F2095,249,897383,897636,0,10,502
F19998#F2085,161,846263,846427,1,10,503
F19998#F2081,162,838502,838666,0,10,504
F19998#F2073,154,842119,842276,1,10,505
F19998#F2067,163,815650,815815,0,10,506
F19998#F2052,149,827756,827907,0,10,507
F19998#F2048,153,875899,876056,2,10,508
F19998#F2039,159,865394,865556,1,10,509
F19998#F2037,160,927848,928010,1,10,510
F19998#F2026,164,1037387,1037553,4,10,511
F19998#F2023,156,1100452,1100611,1,10,512
F19998#F2013,160,832916,833078,2,10,513
F19998#F2010,152,800510,800665,2,10,514
F19998#F2005,153,801358,801514,1,10,515
F19998#F1998,145,801976,802124,0,10,516
F19998#F1997,142,805803,805947,0,10,517
F19998#F1989,159,814149,814311,0,10,518
F19998#F1980,150,833469,833621,2,10,519
F19998#F1979,157,828487,828647,0,10,520
F19998#F1972,146,949023,949171,2,10,521
F19998#F1970,161,979630,979793,3,10,522
F19998#F1967,157,1083478,1083638,0,10,523
F19998#F1959,149,816227,816378,0,10,524
F19998#F1955,151,800150,800304,1,10,525
F19998#F1951,145,798121,798268,0,10,526
F19998#F1946,150,802699,802852,2,10,527
F19998#F1943,146,813039,813187,1,10,528
F19998#F1940,153,836159,836313,4,10,529
F19998#F1930,144,820604,820749,0,10,530
F19998#F1921,150,841373,841526,2,10,531
F19998#F1914,149,979407,979558,1,10,532
F19998#F1906,144,982233,982380,0,10,533
F19998#F1902,251,971056,971311,0,10,534
F19998#F1897,148,805019,805169,0,10,535
F19998#F1894,146,799640,799788,1,10,536
F19998#F1889,154,801541,801697,0,10,537
F19998#F1883,155,808101,808260,0,10,538
F19998#F1881,154,812062,812219,1,10,539
F19998#F1877,151,849960,850113,2,10,540
F19998#F1870,157,823366,823525,4,10,541
F19998#F1863,149,880173,880325,0,10,542
F19998#F1860,156,1021424,1021582,2,10,543
F19998#F1855,154,1082891,1083047,0,10,544
F19998#F1851,241,850465,850708,1,10,545
F19998#F1848,156,801512,801670,1,10,546
F19998#F1836,150,800078,800230,2,10,547
F19998#F1833,152,807312,807466,0,10,548
F19998#F1830,152,804904,805058,2,10,549
F19998#F1827,145,811178,811326,0,10,550
F19998#F1820,150,835434,835587,1,10,551
F19998#F1812,146,822464,822613,1,10,552
F19998#F1809,150,890404,890557,0,10,553
F19998#F1804,153,984920,985076,0,10,554
F19998#F1801,152,1092611,1092766,1,10,555
F19998#F1792,156,827226,827384,1,10,556
F19998#F1788,158,800494,800654,0,10,557
F19998#F1783,146,800062,800211,0,10,558
F19998#F1780,149,798951,799102,0,10,559
F19998#F1776,147,810651,810801,2,10,560
F19998#F1775,144,821172,821318,2,10,561
F19998#F1772,151,833013,833166,2,10,562
F19998#F1765,154,830463,830619,2,10,563
F19998#F1762,153,921925,922081,2,10,564
F19998#F1756,153,934778,934933,0,10,565
F19998#F1748,145,1109900,1110048,0,10,566
F19998#F1744,158,820599,820760,2,10,567
F19998#F1740,148,809066,809217,0,10,568
F19998#F1737,145,809355,809502,0,10,569
F19998#F1733,148,809560,809710,0,10,570
F19998#F1731,145,820531,820679,1,10,571
F19998#F1729,147,841541,841691,1,10,572
F19998#F1719,166,822679,822847,0,10,573
F19998#F1710,154,849319,849475,1,10,574
F19998#F1708,154,1005727,1005884,0,10,575
F19998#F1704,163,1014359,1014524,1,10,576
F19998#F1699,253,995399,995656,1,10,577
F19998#F1697,155,848761,848919,4,10,578
F19998#F1693,152,831459,831613,1,10,579
F19998#F1687,156,834434,834593,2,10,580
F19998#F1682,152,841217,841371,0,10,581
F19998#F1678,157,851301,851460,0,10,582
F19998#F1671,161,871429,871592,0,10,583
F19998#F1662,151,855814,855968,0,10,584
F19998#F1658,151,899495,899649,0,10,585
F19998#F1652,159,1048523,1048684,1,10,586
F19998#F1648,165,1064099,1064266,1,10,587
F19998#F1640,251,898516,898770,4,10,588
F19998#F1638,154,842553,842710,0,10,589
F19998#F1637,163,842951,843116,3,10,590
F19998#F1636,160,843957,844119,0,10,591
F19998#F1633,166,847347,847516,0,10,592
F19998#F1625,163,855981,856147,4,10,593
F19998#F1622,160,882420,882581,0,10,594
F19998#F1616,154,867726,867881,0,10,595
F19998#F1612,156,927684,927843,0,10,596
F19998#F1608,158,1037515,1037676,0,10,597
F19998#F1606,156,1091408,1091566,1,10,598
F19998#F1602,159,854144,854306,1,10,599
F19998#F1600,159,842222,842384,1,10,600
F19998#F1597,152,838229,838383,0,10,601
F19998#F1589,160,837371,837534,0,10,602
F19998#F1584,154,851054,851211,1,10,603
F19998#F1580,168,854937,855107,0,10,604
F19998#F1576,159,882267,882429,4,10,605
F19998#F1573,159,870291,870452,0,10,606
F19998#F1570,155,961670,961827,0,10,607
F19998#F1565,159,1003556,1003717,0,10,608
F19998#F1560,155,1105346,1105504,4,10,609
F19998#F1555,159,843344,843505,1,10,610
F19998#F1549,161,805292,805456,1,10,611
F19998#F1548,147,809621,809770,0,10,612
F19998#F1545,145,810738,810886,4,10,613
F19998#F1541,154,821553,821709,1,10,614
F19998#F1537,145,839630,839778,0,10,615
F19998#F1535,149,820559,820711,0,10,616
F19998#F1528,151,839661,839814,0,10,617
F19998#F1519,147,953737,953887,1,10,618
F19998#F1517,151,933028,933182,0,10,619
F19998#F1513,234,1078011,1078248,0,10,620
F19998#F1509,158,844425,844586,0,10,621
F19998#F1505,166,837234,837402,0,10,622
F19998#F1500,152,842554,842709,1,10,623
F19998#F1498,159,841551,841712,0,10,624
F19998#F1495,177,853203,853383,0,10,625
F19998#F1494,155,874405,874562,0,10,626
F19998#F1485,151,832572,832726,1,10,627
F19998#F1482,152,846662,846817,3,10,628
F19998#F1481,155,988427,988584,0,10,629
F19998#F1472,153,1007971,1008127,1,10,630
F19998#F1468,244,957995,958242,0,10,632
F19998#F1467,158,809972,810132,0,10,633
F19998#F1464,161,804797,804960,0,10,634
F19998#F1458,157,809953,810112,1,10,635
F19998#F1455,145,813659,813806,1,10,636
F19998#F1449,151,817485,817638,4,10,637
F19998#F1447,149,842986,843137,0,10,638
F19998#F1441,149,825664,825817,0,10,639
F19998#F1437,159,872178,872339,0,10,640
F19998#F1434,150,1003994,1004146,0,10,641
F19998#F1428,150,1081162,1081314,0,10,642
F19998#F1424,157,840801,840961,0,10,643
F19998#F1420,149,808233,808384,0,10,644
F19998#F1417,144,810853,811000,0,10,645
F19998#F1416,155,813022,813178,0,10,646
F19998#F1413,144,811709,811856,0,10,647
F19998#F1411,144,817159,817306,0,10,648
F19998#F1399,142,843961,844105,2,10,649
F19998#F1394,147,831839,831989,1,10,650
F19998#F1386,157,906782,906941,1,10,651
F19998#F1384,149,966075,966227,0,10,652
F19998#F1379,152,1097179,1097332,1,10,653
F19998#F1376,155,846670,846827,0,10,654
F19998#F1372,161,840792,840955,2,10,655
F19998#F1367,161,842078,842241,0,10,656
F19998#F1365,157,843242,843402,0,10,657
F19998#F1359,159,827914,828074,3,10,658
F19998#F1355,155,830847,831005,2,10,659
F19998#F1354,158,816611,816771,1,10,661
F19998#F1347,154,834284,834440,0,10,662
F19998#F1345,153,954106,954261,0,10,663
F19998#F1340,162,983782,983946,3,10,664
F19998#F1339,244,1029328,1029576,0,10,665
F19998#F1336,157,808165,808325,1,10,666
F19998#F1335,156,802179,802338,0,10,667
F19998#F1331,146,807662,807810,3,10,668
F19998#F1326,151,806531,806685,0,10,669
F19998#F1325,155,820859,821016,0,10,671
F19998#F1318,155,843952,844110,1,10,672
F19998#F1315,151,823882,824036,0,10,674
F19998#F1309,149,861846,861997,1,10,675
F19998#F1306,163,1008621,1008786,1,10,676
F19998#F1303,157,1051856,1052015,0,10,677
F19998#F1299,245,919600,919848,0,10,678
F19998#F1291,168,844460,844630,3,10,679
F19998#F1289,155,843630,843788,0,10,680
F19998#F1287,160,842965,843127,3,10,681
F19998#F1286,156,845471,845629,0,10,682
F19998#F1284,151,826670,826824,0,10,683
F19998#F1283,146,838610,838758,2,10,684
F19998#F1277,150,831317,831469,0,10,685
F19998#F1274,153,916526,916681,0,10,686
F19998#F1272,153,1038433,1038589,2,10,687
F19998#F1269,151,1084446,1084599,0,10,688
F19998#F1266,159,852973,853134,0,10,689
F19998#F1264,151,814204,814357,3,10,690
F19998#F1262,148,818684,818835,0,10,691
F19998#F1260,153,819376,819532,0,10,692
F19998#F1256,146,819870,820018,2,10,693
F19998#F1252,152,816373,816527,2,10,694
F19998#F1250,149,840843,840994,1,10,695
F19998#F1247,150,838729,838881,0,10,696
F19998#F1241,166,950309,950478,1,10,697
F19998#F1240,162,1006679,1006845,1,10,698
F19998#F1238,150,1106003,1106156,0,10,699
F19998#F1233,160,841772,841933,1,10,701
F19998#F1230,148,838362,838513,0,10,702
F19998#F1228,157,838651,838810,2,10,703
F19998#F1225,155,840491,840648,0,10,704
F19998#F1224,155,851086,851244,2,10,706
F19998#F1223,151,873256,873409,0,10,707
F19998#F1215,172,852943,853116,0,10,708
F19998#F1210,154,875297,875453,2,10,709
F19998#F1206,160,1002455,1002617,0,10,710
F19998#F1205,157,1032920,1033080,1,10,711
F19998#F1201,250,998316,998569,0,10,712
F19998#F1200,155,807870,808027,0,10,713
F19998#F1197,155,822270,822428,2,10,714
F19998#F1194,160,820599,820762,0,10,715
F19998#F1193,163,819339,819504,8,10,716
F19998#F1186,155,815417,815574,0,10,717
F19998#F1184,150,842097,842250,1,10,718
F19998#F1180,152,824055,824209,1,10,719
F19998#F1179,151,863658,863811,2,10,720
F19998#F1177,154,1012933,1013089,3,10,721
F19998#F1176,160,1074394,1074557,1,10,722
F19998#F1172,244,863272,863519,0,10,723
F19998#F1170,155,815078,815235,0,10,724
F19998#F1167,161,812678,812841,1,10,725
F19998#F1166,158,816618,816778,1,10,726
F19998#F1160,151,814522,814675,0,10,727
F19998#F1156,146,833715,833863,2,10,728
F19998#F1153,152,857218,857373,0,10,729
F19998#F1151,151,844224,844378,0,10,730
F19998#F1142,141,898214,898358,0,10,732
F19998#F1137,151,1014439,1014592,2,10,733
F19998#F1136,157,1107964,1108124,2,10,734
F19998#F1135,159,828669,828830,2,10,735
F19998#F1132,156,800548,800707,0,10,736
F19998#F1128,152,801854,802009,0,10,737
F19998#F1123,152,804849,805003,0,10,738
F19998#F1121,155,840212,840369,3,10,739
F19998#F1120,158,868139,868300,1,10,740
F19998#F1118,154,864635,864792,0,10,741
F19998#F1116,154,877043,877199,0,10,742
F19998#F1113,172,989114,989289,1,10,743
F19998#F1111,156,1016470,1016628,2,10,744
F19998#F1108,246,1061076,1061326,2,10,745
F19998#F1102,171,842764,842938,3,10,746
F19998#F1099,167,841111,841281,0,10,748
F19998#F1096,157,843320,843479,0,10,749
F19998#F1094,153,844756,844912,0,10,750
F19998#F1092,155,853251,853408,3,10,751
F19998#F1089,156,876953,877111,1,10,752
F19998#F1088,155,857805,857962,4,10,753
F19998#F1085,154,890265,890421,0,10,754
F19998#F1081,159,1043973,1044135,0,10,755
F19998#F1078,170,1079012,1079185,1,10,756
F19998#F1075,243,921699,921946,2,10,757
F19998#F1073,145,824045,824193,0,10,758
F19998#F1069,161,835252,835416,1,10,759
F19998#F1063,159,844830,844991,0,10,760
F19998#F1061,155,845031,845188,1,10,761
F19998#F1059,165,850523,850691,2,10,762
F19998#F1058,158,877734,877894,1,10,763
F19998#F1057,155,865542,865699,2,10,764
F19998#F1056,159,922821,922982,1,10,765
F19998#F1050,160,1040781,1040943,1,10,766
F19998#F1047,156,1098395,1098554,0,10,767
F19998#F1044,154,834890,835048,0,10,768
F19998#F1043,152,833327,833481,1,10,769
F19998#F1039,157,835017,835177,0,10,770
F19998#F1037,157,835540,835699,0,10,771
F19998#F1032,163,846465,846630,0,10,772
F19998#F1029,172,855043,855217,1,10,773
F19998#F1027,173,878649,878824,0,10,774
F19998#F1022,168,870633,870803,0,10,775
F19998#F1020,162,958783,958947,0,10,776
F19998#F1017,158,991550,991710,1,10,777
F19998#F1015,160,1105946,1106108,1,10,778
F19998#F1012,151,812166,812319,2,10,779
F19998#F1008,145,802623,802770,2,10,780
F19998#F1006,154,801933,802089,2,10,781
F19998#F1004,149,807017,807169,2,10,782
F19998#F1002,149,823819,823971,1,10,783
F19998#F998,149,844386,844537,1,10,784
F19998#F996,149,827727,827878,0,10,785
F19998#F995,152,853274,853428,0,10,786
F19998#F991,156,990588,990747,1,10,787
F19998#F990,148,1036217,1036368,1,10,788
F19998#F984,259,954803,955066,0,10,789
F19998#F982,174,843333,843510,0,10,790
F19998#F981,160,841762,841925,1,10,791
F19998#F979,155,842214,842372,2,10,792
F19998#F976,153,847065,847220,0,10,793
F19998#F973,151,857311,857465,0,10,794
F19998#F971,157,879562,879722,0,10,796
F19998#F968,152,864175,864329,0,10,797
F19998#F967,160,913003,913165,0,10,798
F19998#F966,161,1035834,1035998,1,10,799
F19998#F963,152,1077233,1077388,1,10,801
F19998#F962,154,863333,863490,2,10,802
F19998#F961,172,841169,841343,2,10,803
F19998#F958,154,840766,840923,0,10,804
F19998#F957,158,841000,841160,1,10,805
F19998#F953,158,847554,847714,0,10,806
F19998#F947,153,852938,853094,2,10,807
F19998#F944,154,879001,879157,0,10,808
F19998#F942,158,869051,869211,1,10,809
F19998#F939,159,952177,952338,1,10,810
F19998#F937,169,1011893,1012065,0,10,811
F19998#F935,156,1102499,1102658,0,10,812
F19998#F932,165,849998,850165,0,10,813
F19998#F928,166,842027,842195,0,10,814
F19998#F925,162,842824,842988,0,10,815
F19998#F924,157,841823,841982,0,10,816
F19998#F923,156,852524,852682,0,10,817
F19998#F921,157,876885,877045,3,10,818
F19998#F919,165,860241,860408,1,10,819
F19998#F918,159,882576,882737,1,10,820
F19998#F916,148,1016847,1016997,0,10,822
F19998#F910,163,1075682,1075847,1,10,823
F19998#F907,250,945962,946216,1,10,825
F19998#F906,160,800663,800826,0,10,826
F19998#F902,157,801905,802064,1,10,827
F19998#F900,142,806243,806388,0,10,828
F19998#F897,149,807423,807574,0,10,829
F19998#F894,148,815229,815379,0,10,831
F19998#F893,150,841627,841778,0,10,832
F19998#F891,147,850458,850606,1,10,833
F19998#F889,159,916600,916762,2,10,835
F19998#F888,149,1046553,1046704,3,10,836
F19998#F887,160,1107592,1107755,2,10,838
F19998#F884,158,852646,852806,2,10,839
F19998#F881,170,841403,841574,1,10,841
F19998#F873,158,840368,840528,0,10,842
F19998#F869,164,842914,843080,2,10,843
F19998#F866,162,849571,849736,1,10,844
F19998#F864,160,856477,856640,1,10,845
F19998#F863,156,880455,880613,0,10,846
F19998#F861,155,865630,865788,0,10,847
F19998#F858,157,939002,939161,0,10,849
F19998#F853,165,1012328,1012496,0,10,850
F19998#F852,244,1093509,1093756,1,10,851
F19998#F851,162,849797,849961,2,10,852
F19998#F850,168,850231,850402,0,10,853
F19998#F845,157,851987,852147,2,10,854
F19998#F844,169,861298,861468,0,10,855
F19998#F843,155,869243,869400,1,10,858
F19998#F842,164,883344,883511,2,10,859
F19998#F840,159,860581,860742,1,10,860
F19998#F839,157,888795,888954,1,10,862
F19998#F838,158,1035067,1035228,1,10,863
F19998#F835,161,1101857,1102021,0,10,864
F19998#F832,240,910588,910831,0,10,865
F19998#F830,169,820649,820820,0,10,866
F19998#F829,158,831804,831966,2,10,867
F19998#F827,159,834979,835141,0,10,868
F19998#F825,160,843545,843708,1,10,869
F19998#F823,159,849939,850101,2,10,870
F19998#F822,158,875900,876061,0,10,871
F19998#F820,157,862071,862230,0,10,872
F19998#F819,160,906022,906185,1,10,873
F19998#F818,157,1001006,1001166,0,10,874
F19998#F814,153,1091087,1091242,3,10,875
F19998#F813,162,832514,832678,0,10,876
F19998#F812,155,805876,806034,0,10,877
F19998#F807,152,803411,803565,2,10,878
F19998#F806,151,807285,807438,0,10,879
F19998#F805,147,809878,810026,0,10,880
F19998#F803,150,819503,819655,1,10,881
F19998#F801,159,835281,835442,3,10,882
F19998#F798,161,835657,835820,0,10,883
F19998#F796,153,935277,935433,1,10,884
F19998#F795,159,961085,961247,2,10,885
F19998#F793,269,1090669,1090942,0,10,886
F19998#F792,170,847132,847305,1,10,887
F19998#F789,161,841453,841616,3,10,888
F19998#F788,158,845614,845774,0,10,890
F19998#F786,164,842560,842725,2,10,891
F19998#F785,152,854261,854416,1,10,892
F19998#F783,164,883087,883254,0,10,893
F19998#F782,158,863707,863868,2,10,894
F19998#F781,156,890787,890945,0,10,895
F19998#F777,157,1036915,1037075,0,10,896
F19998#F775,164,1074741,1074907,3,10,897
F19998#F772,259,936284,936546,1,10,898
F19998#F771,156,819642,819800,0,10,899
F19998#F770,155,815538,815695,2,10,900
F19998#F769,152,821363,821516,1,10,901
F19998#F765,156,819156,819314,0,10,902
F19998#F764,148,817697,817847,0,10,903
F19998#F760,150,842879,843033,1,10,904
F19998#F756,149,854036,854188,1,10,906
F19998#F752,160,919222,919385,0,10,908
F19998#F751,158,1046035,1046195,1,10,909
F19998#F749,157,1091207,1091367,0,10,910
F19998#F747,167,847236,847406,0,10,911
F19998#F745,159,805968,806132,1,10,912
F19998#F742,155,801018,801176,3,10,913
F19998#F740,148,808957,809107,0,10,914
F19998#F735,146,814145,814293,3,10,915
F19998#F734,149,816411,816562,0,10,917
F19998#F731,150,840890,841043,1,10,918
F19998#F730,152,865968,866124,2,10,920
F19998#F728,157,954438,954598,3,10,922
F19998#F727,160,1005898,1006060,2,10,923
F19998#F726,156,1124819,1124977,0,10,924
F19998#F725,166,854565,854734,0,10,926
F19998#F722,162,848054,848218,2,10,927
F19998#F721,157,848002,848162,2,10,930
F19998#F720,157,845887,846047,1,10,932
F19998#F719,165,855313,855480,0,10,935
F19998#F716,158,877373,877534,0,10,936
F19998#F715,155,858304,858462,0,10,937
F19998#F714,160,888167,888329,0,10,938
F19998#F713,156,1028859,1029017,0,10,939
F19998#F709,164,1085897,1086064,1,10,940
F19998#F707,248,932465,932717,2,10,941
F19998#F704,167,846913,847082,0,10,942
F19998#F700,163,847178,847343,1,10,944
F19998#F698,159,824106,824267,1,10,945
F19998#F697,157,842367,842526,1,10,948
F19998#F693,176,854709,854887,2,10,950
F19998#F692,160,883809,883971,1,10,953
F19998#F691,163,868261,868427,0,10,954
F19998#F690,161,924160,924323,2,10,955
F19998#F686,162,1049361,1049525,1,10,956
F19998#F684,158,1110674,1110834,0,10,958
F19998#F682,168,856784,856954,2,10,959
F19998#F679,167,848611,848780,0,10,960
F19998#F678,160,847435,847597,0,10,961
F19998#F677,157,849376,849535,1,10,962
F19998#F674,166,860212,860380,1,10,963
F19998#F671,163,863361,863527,2,10,965
F19998#F668,152,849554,849708,0,10,967
F19998#F666,157,866145,866304,1,10,969
F19998#F664,158,1003656,1003816,0,10,970
F19998#F663,154,1044922,1045080,0,10,971
F19998#F662,242,1069843,1070089,0,10,972
F19998#F661,162,841564,841727,3,10,973
F19998#F660,156,843566,843725,0,10,974
F19998#F659,162,846150,846314,3,10,975
F19998#F658,154,846690,846847,0,10,976
F19998#F657,155,857925,858083,0,10,978
F19998#F655,147,883424,883573,1,10,979
F19998#F654,162,845075,845240,5,10,982
F19998#F653,149,893568,893720,2,10,983
F19998#F652,155,1014482,1014640,1,10,984
F19998#F651,151,1110418,1110572,0,10,985
F19998#F650,234,866539,866776,2,10,987
F19998#F649,158,853430,853591,0,10,988
F19998#F647,156,834571,834730,1,10,989
F19998#F645,160,806333,806496,2,10,990
F19998#F644,160,815387,815549,0,10,991
F19998#F642,153,825099,825254,1,10,992
F19998#F641,151,870221,870374,3,10,993
F19998#F638,162,838539,838704,1,10,994
F19998#F637,151,899504,899658,2,10,995
F19998#F635,154,986954,987110,2,10,996
F19998#F633,161,1123345,1123508,1,10,997
F19998#F632,157,834861,835020,1,10,998
F19998#F630,155,820878,821035,0,10,999
F19998#F629,163,844335,844500,0,10,1000
F19998#F627,161,847021,847185,0,10,1001
F19998#F624,166,853024,853193,2,10,1002
F19998#F622,152,850133,850288,0,10,1004
F19998#F619,153,837630,837785,0,10,1005
F19998#F616,150,870719,870871,1,10,1006
F19998#F615,158,994929,995090,1,10,1007
F19998#F613,160,1079554,1079717,0,10,1008
F19998#F612,252,980415,980670,0,10,1011
F19998#F611,169,846689,846861,0,10,1012
F19998#F609,158,845309,845469,1,10,1013
F19998#F607,155,848135,848293,3,10,1015
F19998#F604,162,850381,850545,0,10,1016
F19998#F603,151,855709,855862,0,10,1017
F19998#F602,154,887219,887375,0,10,1018
F19998#F599,154,836509,836665,3,10,1020
F19998#F598,158,888695,888856,0,10,1022
F19998#F597,148,1067036,1067186,1,10,1023
F19998#F595,153,1133602,1133758,0,10,1024
F19998#F594,171,867730,867903,3,10,1027
F19998#F592,154,824266,824423,0,10,1028
F19998#F591,151,821357,821511,2,10,1029
F19998#F590,162,843326,843490,1,10,1031
F19998#F588,156,850874,851033,1,10,1032
F19998#F587,159,849200,849362,1,10,1033
F19998#F586,165,842020,842187,0,10,1034
F19998#F585,149,841336,841488,0,10,1036
F19998#F584,158,949452,949612,1,10,1037
F19998#F583,167,1079127,1079298,1,10,1038
F19998#F582,247,1059001,1059252,1,10,1040
F19998#F580,155,808808,808965,1,10,1041
F19998#F578,163,805886,806052,0,10,1042
F19998#F576,154,807573,807730,3,10,1044
F19998#F574,153,808882,809037,2,10,1045
F19998#F572,152,822166,822320,0,10,1047
F19998#F571,153,846276,846431,1,10,1048
F19998#F570,152,827201,827355,0,10,1049
F19998#F569,147,865282,865431,0,10,1050
F19998#F568,149,1008561,1008712,5,10,1051
F19998#F564,149,1126988,1127140,0,10,1052
F19998#F563,160,838340,838503,0,10,1054
F19998#F560,164,841611,841778,0,10,1055
F19998#F557,162,845246,845411,1,10,1056
F19998#F554,163,846334,846500,0,10,1057
F19998#F553,160,852593,852756,0,10,1058
F19998#F552,167,861180,861350,0,10,1060
F19998#F551,160,885728,885890,0,10,1064
F19998#F549,165,875154,875322,2,10,1066
F19998#F548,158,964565,964725,1,10,1067
F19998#F545,165,1102597,1102766,1,10,1068
F19998#F544,257,1028490,1028750,1,10,1069
F19998#F542,165,845161,845329,3,10,1070
F19998#F539,155,842961,843118,2,10,1071
F19998#F538,161,842985,843149,1,10,1072
F19998#F536,164,842818,842984,0,10,1074
F19998#F534,161,836659,836822,0,10,1075
F19998#F533,170,880007,880179,1,10,1078
F19998#F531,158,863105,863265,0,10,1080
F19998#F529,153,906325,906480,2,10,1081
F19998#F525,157,1058674,1058833,0,10,1082
F19998#F524,169,1135940,1136111,1,10,1083
F19998#F523,156,851503,851662,2,10,1085
F19998#F522,163,820327,820492,0,10,1086
F19998#F521,158,830247,830408,0,10,1088
F19998#F520,161,841407,841571,1,10,1089
F19998#F519,160,851566,851728,0,10,1090
F19998#F518,159,855789,855950,1,10,1092
F19998#F517,165,869236,869404,4,10,1095
F19998#F516,156,862841,863000,1,10,1098
F19998#F515,152,968603,968758,1,10,1099
F19998#F514,164,1096305,1096472,0,10,1100
F19998#F513,307,1021659,1021969,1,10,1101
F19998#F512,151,815768,815921,1,10,1102
F19998#F510,150,807354,807507,1,10,1103
F19998#F508,161,818586,818749,0,10,1104
F19998#F506,166,844370,844540,3,10,1107
F19998#F505,156,853568,853727,5,10,1108
F19998#F503,158,848418,848579,1,10,1109
F19998#F502,151,836918,837073,0,10,1112
F19998#F501,151,926247,926401,1,10,1114
F19998#F500,144,1014343,1014490,0,10,1118
F19998#F499,154,1110297,1110453,1,10,1119
F19998#F498,158,860822,860983,1,10,1126
F19998#F496,165,848168,848335,1,10,1127
F19998#F495,154,835781,835937,0,10,1128
F19998#F494,158,823874,824034,0,10,1129
F19998#F491,163,842150,842315,3,10,1130
F19998#F490,150,850510,850663,0,10,1131
F19998#F489,150,877008,877161,1,10,1132
F19998#F488,148,874141,874292,0,10,1134
F19998#F487,157,970768,970927,1,10,1138
F19998#F486,154,1092586,1092743,0,10,1139
F19998#F485,240,1074625,1074868,1,10,1141
F19998#F483,159,852131,852293,2,10,1142
F19998#F481,169,849470,849642,2,10,1143
F19998#F480,167,852382,852552,0,10,1144
F19998#F479,161,849609,849773,1,10,1145
F19998#F478,160,860451,860613,1,10,1146
F19998#F477,158,883040,883200,0,10,1149
F19998#F476,163,864727,864891,0,10,1150
F19998#F473,158,879040,879200,0,10,1151
F19998#F472,159,1020675,1020836,1,10,1155
F19998#F471,166,1142319,1142487,0,10,1157
F19998#F469,148,848423,848573,0,10,1158
F19998#F466,145,816886,817034,1,10,1159
F19998#F465,149,814503,814654,0,10,1160
F19998#F464,149,812964,813115,0,10,1163
F19998#F463,151,818783,818936,1,10,1164
F19998#F462,151,824552,824705,2,10,1166
F19998#F460,148,848297,848447,1,10,1169
F19998#F458,151,848548,848700,0,10,1170
F19998#F457,167,932420,932591,1,10,1172
F19998#F456,154,1043223,1043381,1,10,1173
F19998#F455,245,1099874,1100122,0,10,1174
F19998#F454,163,840579,840744,1,10,1176
F19998#F453,164,841392,841559,1,10,1177
F19998#F452,164,847161,847328,0,10,1183
F19998#F451,157,852051,852210,0,10,1188
F19998#F448,156,858339,858497,0,10,1189
F19998#F447,157,882799,882958,1,10,1191
F19998#F446,155,871932,872089,2,10,1192
F19998#F444,159,900818,900980,2,10,1194
F19998#F443,156,1051508,1051667,0,10,1195
F19998#F442,165,1151162,1151329,5,10,1197
F19998#F441,164,841896,842063,0,10,1199
F19998#F440,154,812543,812699,3,10,1200
F19998#F438,146,818425,818573,0,10,1202
F19998#F437,146,819079,819226,0,10,1203
F19998#F436,152,819018,819172,0,10,1205
F19998#F435,147,823089,823239,0,10,1208
F19998#F434,145,856503,856650,0,10,1209
F19998#F432,166,849656,849826,1,10,1215
F19998#F428,154,916106,916262,0,10,1216
F19998#F426,153,1054250,1054406,0,10,1217
F19998#F425,259,1085937,1086200,1,10,1218
F19998#F424,165,856011,856178,0,10,1220
F19998#F423,164,846342,846508,0,10,1221
F19998#F422,150,832259,832412,0,10,1222
F19998#F421,156,843894,844053,0,10,1223
F19998#F420,177,856031,856211,1,10,1230
F19998#F418,156,885535,885693,0,10,1232
F19998#F417,163,867433,867599,1,10,1234
F19998#F416,162,896945,897111,2,10,1238
F19998#F415,177,1045544,1045724,2,10,1241
F19998#F414,152,1133454,1133608,1,10,1243
F19998#F413,145,863164,863311,0,10,1247
F19998#F411,148,812568,812719,0,10,1248
F19998#F410,151,810359,810512,1,10,1249
F19998#F409,154,835643,835800,1,10,1250
F19998#F408,159,850759,850919,2,10,1251
F19998#F407,147,823698,823847,0,10,1253
F19998#F406,154,852155,852311,1,10,1254
F19998#F405,151,870291,870444,1,10,1255
F19998#F403,162,950418,950583,1,10,1256
F19998#F400,166,1082067,1082237,0,10,1257
F19998#F399,254,1047224,1047483,0,10,1260
F19998#F398,159,849275,849436,0,10,1266
F19998#F396,166,850330,850499,1,10,1269
F19998#F395,160,850098,850261,2,10,1271
F19998#F392,156,849678,849836,1,10,1272
F19998#F391,163,863322,863487,1,10,1273
F19998#F390,160,892643,892805,0,10,1277
F19998#F389,171,870955,871128,0,10,1278
F19998#F388,154,904205,904361,0,10,1284
F19998#F387,160,1056437,1056599,0,10,1287
F19998#F386,158,1147328,1147488,0,10,1289
F19998#F385,165,849991,850158,1,10,1291
F19998#F384,161,816197,816360,1,10,1292
F19998#F383,154,812987,813143,0,10,1293
F19998#F382,163,811538,811704,0,10,1294
F19998#F381,147,823194,823344,0,10,1295
F19998#F377,161,826504,826668,2,10,1297
F19998#F376,155,853287,853445,1,10,1298
F19998#F375,156,852474,852632,1,10,1300
F19998#F374,157,932671,932832,0,10,1304
F19998#F373,166,1116782,1116951,2,10,1310
F19998#F372,255,1029493,1029751,0,10,1313
F19998#F371,159,820597,820758,2,10,1314
F19998#F370,160,841419,841582,1,10,1315
F19998#F369,158,841763,841925,0,10,1317
F19998#F368,152,850250,850405,1,10,1319
F19998#F366,154,864226,864382,0,10,1320
F19998#F364,165,883277,883444,0,10,1322
F19998#F363,159,860966,861128,3,10,1323
F19998#F362,168,908779,908951,3,10,1324
F19998#F361,156,1067425,1067583,0,10,1325
F19998#F360,158,1129759,1129919,1,10,1329
F19998#F359,158,836299,836460,1,10,1330
F19998#F358,157,814629,814787,0,10,1331
F19998#F357,152,820072,820226,0,10,1334
F19998#F356,155,837647,837805,0,10,1337
F19998#F355,157,850258,850416,0,10,1339
F19998#F354,158,861452,861612,3,10,1342
F19998#F353,156,887394,887552,1,10,1343
F19998#F352,149,881497,881648,0,10,1348
F19998#F351,154,977768,977925,0,10,1354
F19998#F350,166,1078612,1078781,1,10,1355
F19998#F349,254,1033757,1034015,0,10,1356
F19998#F348,150,817989,818141,0,10,1358
F19998#F347,151,821400,821554,0,10,1360
F19998#F346,159,842862,843023,0,10,1361
F19998#F345,156,861060,861218,1,10,1363
F19998#F344,153,862186,862340,0,10,1365
F19998#F343,150,882515,882667,2,10,1367
F19998#F342,160,872423,872586,1,10,1368
F19998#F341,154,915451,915607,0,10,1374
F19998#F340,156,1069099,1069258,0,10,1377
F19998#F339,165,1125092,1125261,1,10,1379
F19998#F338,166,881390,881559,2,10,1382
F19998#F337,159,850444,850606,1,10,1383
F19998#F335,158,816806,816966,1,10,1385
F19998#F334,156,809851,810009,4,10,1386
F19998#F333,146,823263,823413,0,10,1387
F19998#F332,151,824800,824953,3,10,1388
F19998#F331,150,848686,848839,0,10,1392
F19998#F330,156,839772,839931,0,10,1393
F19998#F327,145,924628,924775,0,10,1405
F19998#F326,159,1036118,1036280,1,10,1409
F19998#F325,248,1061990,1062240,4,10,1412
F19998#F324,164,844093,844259,1,10,1416
F19998#F323,161,831526,831690,0,10,1420
F19998#F322,155,813858,814015,2,10,1427
F19998#F321,159,811330,811491,2,10,1433
F19998#F320,155,822026,822183,1,10,1434
F19998#F319,147,851325,851474,2,10,1438
F19998#F318,152,839590,839745,0,10,1442
F19998#F317,157,868008,868167,0,10,1449
F19998#F316,161,1015950,1016114,0,10,1459
F19998#F315,149,1123116,1123267,0,10,1460
F19998#F314,163,873772,873937,0,10,1461
F19998#F313,159,853375,853536,0,10,1463
F19998#F312,149,851201,851353,0,10,1464
F19998#F311,154,848349,848505,0,10,1467
F19998#F310,168,854039,854209,5,10,1469
F19998#F308,156,858075,858233,0,10,1473
F19998#F306,169,871539,871710,0,10,1475
F19998#F305,158,844167,844328,0,10,1481
F19998#F304,154,925248,925404,3,10,1493
F19998#F303,153,1059403,1059560,0,10,1496
F19998#F302,251,1053243,1053497,3,10,1500
F19998#F301,155,832725,832883,0,10,1507
F19998#F298,161,853254,853418,0,10,1509
F19998#F297,155,857791,857949,0,10,1512
F19998#F296,156,857329,857487,0,10,1517
F19998#F295,158,873185,873345,1,10,1518
F19998#F293,155,893297,893454,1,10,1519
F19998#F292,159,875281,875442,1,10,1522
F19998#F291,157,910482,910642,5,10,1526
F19998#F290,166,1063326,1063494,2,10,1536
F19998#F289,164,1136670,1136837,0,10,1537
F19998#F288,153,856259,856415,0,10,1538
F19998#F287,160,849489,849652,1,10,1539
F19998#F285,158,846908,847069,0,10,1545
F19998#F284,160,853811,853972,1,10,1559
F19998#F283,155,860178,860335,4,10,1562
F19998#F282,156,865986,866144,1,10,1563
F19998#F281,165,881492,881659,2,10,1565
F19998#F280,165,865773,865941,1,10,1566
F19998#F279,160,926887,927049,0,10,1567
F19998#F278,147,1106529,1106680,0,10,1568
F19998#F277,243,1013751,1013997,0,10,1570
F19998#F276,175,841235,841413,0,10,1573
F19998#F275,158,813378,813538,1,10,1575
F19998#F274,147,814823,814972,0,10,1577
F19998#F273,157,819328,819487,1,10,1579
F19998#F272,163,829633,829798,0,10,1580
F19998#F263,165,850177,850345,0,10,1586
F19998#F262,183,832594,832782,2,10,1597
F19998#F261,161,874252,874416,0,10,1602
F19998#F260,163,1019236,1019402,1,10,1605
F19998#F259,159,1121273,1121433,0,10,1608
F19998#F258,166,876678,876847,0,10,1614
F19998#F257,171,817196,817370,2,10,1619
F19998#F256,160,815667,815829,1,10,1622
F19998#F255,162,827977,828141,1,10,1625
F19998#F254,151,834047,834201,1,10,1635
F19998#F253,160,868967,869130,0,10,1638
F19998#F252,156,891651,891809,1,10,1639
F19998#F251,162,892531,892696,4,10,1640
F19998#F250,150,985315,985467,0,10,1644
F19998#F249,158,1158406,1158567,0,10,1652
F19998#F248,269,949826,950098,0,10,1654
F19998#F247,173,864562,864737,1,10,1655
F19998#F246,155,871265,871423,2,10,1657
F19998#F245,159,866815,866975,1,10,1660
F19998#F244,160,871415,871576,0,10,1663
F19998#F243,305,857758,858066,4,10,1669
F19998#F242,156,884291,884449,2,10,1680
F19998#F241,161,871965,872128,2,10,1682
F19998#F240,156,927043,927202,1,10,1685
F19998#F239,158,1062350,1062510,0,10,1688
F19998#F236,154,1132039,1132195,0,10,1690
F19998#F235,150,836870,837022,0,10,1693
F19998#F234,146,827690,827838,0,10,1704
F19998#F233,152,838574,838729,0,10,1709
F19998#F231,165,849292,849460,1,10,1715
F19998#F230,161,864161,864324,3,10,1720
F19998#F228,171,885676,885849,4,10,1721
F19998#F226,158,867129,867290,0,10,1727
F19998#F225,161,892109,892273,1,10,1730
F19998#F224,157,1016691,1016850,0,10,1735
F19998#F223,161,1196331,1196495,1,10,1736
F19998#F222,168,873118,873288,0,10,1745
F19998#F221,151,823739,823892,0,10,1748
F19998#F220,150,824801,824954,0,10,1751
F19998#F219,152,820591,820745,2,10,1752
F19998#F218,151,826322,826476,0,10,1757
F19998#F217,142,832619,832764,0,10,1761
F19998#F216,153,852865,853020,3,10,1762
F19998#F215,154,847768,847924,1,10,1781
F19998#F214,151,921483,921636,1,10,1788
F19998#F213,163,1033736,1033902,1,10,1797
F19998#F212,254,1091450,1091707,0,10,1802
F19998#F211,163,842473,842639,2,10,1811
F19998#F210,160,853718,853881,1,10,1815
F19998#F209,153,849205,849360,0,10,1817
F19998#F208,161,854099,854262,1,10,1820
F19998#F207,155,865573,865730,1,10,1821
F19998#F206,157,889094,889253,1,10,1833
F19998#F205,166,874765,874933,1,10,1839
F19998#F204,161,898874,899037,0,10,1841
F19998#F203,163,1043518,1043684,1,10,1844
F19998#F202,157,1167554,1167713,0,10,1846
F19998#F201,158,885312,885474,0,10,1847
F19998#F200,163,861146,861311,1,10,1864
F19998#F199,159,861439,861600,2,10,1869
F19998#F198,159,863333,863495,0,10,1881
F19998#F196,156,871945,872103,0,10,1883
F19998#F194,159,873868,874029,1,10,1894
F19998#F193,157,898556,898715,0,10,1902
F19998#F192,159,888920,889080,0,10,1913
F19998#F191,162,971621,971785,0,10,1927
F19998#F190,158,1163379,1163540,0,10,1935
F19998#F189,237,998559,998800,0,10,1936
F19998#F188,163,822588,822754,0,10,1940
F19998#F187,159,819165,819326,0,10,1946
F19998#F186,157,823253,823412,1,10,1948
F19998#F185,157,829553,829713,1,10,1982
F19998#F184,148,833120,833270,0,10,1983
F19998#F183,152,860216,860370,0,10,1988
F19998#F182,154,841126,841282,0,10,1990
F19998#F181,150,889337,889489,3,10,1991
F19998#F180,153,1035664,1035820,0,10,2004
F19998#F179,152,1146787,1146942,0,10,2015
F19998#F178,161,846980,847144,1,10,2017
F19998#F177,152,844830,844984,2,10,2026
F19998#F176,147,823013,823162,0,10,2033
F19998#F175,154,825585,825741,0,10,2038
F19998#F174,157,833772,833932,1,10,2040
F19998#F172,160,870569,870731,0,10,2049
F19998#F171,147,834305,834455,0,10,2052
F19998#F169,144,857892,858038,1,10,2060
F19998#F168,160,992559,992721,1,10,2071
F19998#F167,157,1185435,1185595,0,10,2072
F19998#F165,170,900611,900783,2,10,2075
F19998#F164,165,859007,859173,3,10,2081
F19998#F163,159,866085,866247,2,10,2105
F19998#F162,162,864890,865055,2,10,2131
F19998#F161,163,865365,865530,1,10,2134
F19998#F160,166,873943,874111,0,10,2175
F19998#F159,163,896967,897132,0,10,2193
F19998#F158,153,870988,871144,0,10,2195
F19998#F157,166,955811,955979,0,10,2198
F19998#F156,173,1234039,1234214,4,10,2204
F19998#F155,251,957630,957885,0,10,2219
F19998#F154,158,839615,839775,1,10,2230
F19998#F153,162,853637,853801,0,10,2233
F19998#F152,159,852141,852302,1,10,2255
F19998#F151,172,875793,875968,1,10,2263
F19998#F150,164,885375,885541,1,10,2280
F19998#F149,158,919697,919857,0,10,2282
F19998#F148,166,884388,884557,2,10,2287
F19998#F147,177,940386,940566,0,10,2297
F19998#F146,147,1144145,1144295,0,10,2302
F19998#F145,260,1218923,1219187,1,10,2305
F19998#F144,162,879039,879204,0,10,2347
F19998#F143,157,909715,909875,1,10,2351
F19998#F142,268,1030682,1030952,0,10,2380
F19998#F141,157,880991,881150,1,10,2381
F19998#F140,157,866288,866447,2,10,2382
F19998#F139,146,905637,905785,0,10,2386
F19998#F137,158,894600,894760,1,10,2387
F19998#F136,150,901436,901589,0,10,2393
F19998#F135,153,1036262,1036419,0,10,2399
F19998#F134,164,1396616,1396783,1,10,2413
F19998#F133,163,847190,847356,1,10,2414
F19998#F132,148,840208,840359,0,10,2416
F19998#F131,160,871189,871352,3,10,2418
F19998#F130,157,889046,889205,1,10,2419
F19998#F129,161,876001,876165,0,10,2423
F19998#F128,166,903638,903806,1,10,2451
F19998#F127,159,884192,884352,1,10,2479
F19998#F126,158,896968,897129,2,10,2486
F19998#F125,159,1215974,1216136,2,10,2498
F19998#F124,268,1107630,1107903,1,10,2507
F19998#F123,167,851905,852074,0,10,2509
F19998#F122,155,852102,852259,0,10,2526
F19998#F121,164,848367,848533,2,10,2528
F19998#F120,158,839323,839483,0,10,2556
F19998#F119,150,856025,856177,0,10,2566
F19998#F118,151,855360,855514,3,10,2568
F19998#F117,233,881615,881851,1,10,2658
F19998#F116,152,868564,868719,0,10,2664
F19998#F115,153,1275753,1275909,1,10,2670
F19998#F114,244,1073224,1073471,1,10,2673
F19998#F113,164,864900,865066,1,10,2683
F19998#F112,164,846570,846737,1,10,2686
F19998#F111,150,831999,832151,0,10,2687
F19998#F110,164,836663,836830,1,10,2688
F19998#F109,155,847876,848034,1,10,2716
F19998#F108,148,869709,869859,0,10,2723
F19998#F107,170,895990,896164,2,10,2732
F19998#F106,161,895757,895921,0,10,2740
F19998#F105,159,1231149,1231310,1,10,2764
F19998#F104,175,1079303,1079480,1,10,2767
F19998#F103,153,849979,850134,0,10,2773
F19998#F102,146,847933,848081,1,10,2822
F19998#F101,160,869084,869246,1,10,2837
F19998#F100,159,871145,871307,2,10,2846
F19998#F99,153,889708,889863,1,10,2849
F19998#F98,161,903715,903879,0,10,2850
F19998#F97,163,927219,927385,0,10,2873
F19998#F96,181,915180,915364,0,10,2895
F19998#F95,162,1333275,1333440,2,10,2915
F19998#F94,168,1098589,1098759,3,10,2920
F19998#F93,163,884156,884322,0,10,2929
F19998#F92,159,877095,877256,0,10,2936
F19998#F91,151,856384,856537,0,10,2937
F19998#F90,161,861981,862144,0,10,2954
F19998#F89,148,878356,878508,2,10,2978
F19998#F88,161,891721,891884,0,10,3015
F19998#F87,159,894068,894230,0,10,3032
F19998#F86,155,887275,887433,0,10,3131
F19998#F85,153,1170930,1171085,0,10,3148
F19998#F84,160,1019358,1019520,2,10,3187
F19998#F83,161,1022102,1022266,0,10,3196
F19998#F81,168,878115,878285,0,10,3233
F19998#F80,162,838507,838672,1,10,3253
F19998#F79,155,838204,838362,0,10,3266
F19998#F78,151,843428,843582,1,10,3272
F19998#F77,156,847531,847688,1,10,3280
F19998#F76,154,873219,873375,2,10,3283
F19998#F75,162,854170,854335,3,10,3284
F19998#F74,156,1238425,1238584,1,10,3343
F19998#F73,186,997414,997602,3,10,3361
F19998#F72,154,960333,960489,1,10,3372
F19998#F71,164,871794,871960,2,10,3380
F19998#F70,159,869543,869704,0,10,3391
F19998#F69,154,862580,862736,2,10,3412
F19998#F68,168,876526,876696,2,10,3414
F19998#F67,154,885408,885564,2,10,3576
F19998#F66,159,912868,913030,0,10,3591
F19998#F65,163,941012,941179,0,10,3693
F19998#F64,252,1139092,1139348,2,10,3713
F19998#F63,157,941917,942076,2,10,3728
F19998#F62,152,1008658,1008812,0,10,3736
F19998#F61,157,846032,846192,0,10,3767
F19998#F60,148,848310,848460,1,10,3788
F19998#F59,153,840890,841045,1,10,3803
F19998#F58,150,847882,848035,1,10,3806
F19998#F57,145,850402,850549,1,10,3822
F19998#F56,150,876389,876541,0,10,3833
F19998#F55,165,1037083,1037252,4,10,4181
F19998#F54,275,1044830,1045109,2,10,4189
F19998#F53,165,1024193,1024362,1,10,4231
F19998#F52,164,992057,992223,1,10,4343
F19998#F51,153,843733,843889,1,10,4401
F19998#F50,162,848481,848645,1,10,4417
F19998#F49,154,857143,857300,1,10,4441
F19998#F48,149,871634,871786,1,10,4606
F19998#F47,142,893143,893287,0,10,4742
F19998#F46,167,928467,928637,4,10,4745
F19998#F45,160,1178047,1178210,1,10,4961
F19998#F44,164,950567,950733,1,10,4989
F19998#F43,162,1026785,1026950,1,10,4993
F19998#F42,160,1024507,1024669,0,10,5003
F19998#F41,171,897873,898047,1,10,5034
F19998#F40,169,908061,908232,2,10,5123
F19998#F39,156,895356,895514,1,10,5242
F19998#F38,155,901428,901586,1,10,5349
F19998#F37,164,921210,921377,2,10,5624
F19998#F36,169,1140482,1140654,1,10,5629
F19998#F35,236,1054531,1054771,1,10,6108
F19998#F34,165,932010,932178,2,10,6391
F19998#F33,170,1060732,1060905,1,10,6972
F19998#F32,159,1016063,1016224,1,10,7133
F19998#F31,155,918659,918817,6,10,7478
F19998#F30,165,914565,914733,1,10,7746
F19998#F29,162,935184,935348,2,10,7963
F19998#F28,163,947313,947478,1,10,8011
F19998#F27,178,1092799,1092980,1,10,8114
F19998#F26,281,1166014,1166299,1,10,8183
F19998#F25,173,976635,976811,4,10,8204
F19998#F24,171,1002102,1002276,3,10,8548
F19998#F23,164,1135505,1135672,3,10,8580
F19998#F22,164,923952,924119,3,10,8695
F19998#F21,150,908536,908689,2,10,8828
F19998#F20,152,933377,933531,0,10,8927
F19998#F19,158,933948,934109,1,10,8951
F19998#F18,161,1237061,1237225,1,10,9726
F19998#F17,247,1044323,1044574,10,10,10177
F19998#F16,158,996687,996848,1,10,11164
F19998#F15,168,1045220,1045390,2,10,12500
F19998#F14,164,1177742,1177908,2,10,13088
F19998#F13,157,1039483,1039642,0,10,14248
F19998#F12,164,997365,997532,2,10,14281
F19998#F11,156,997280,997438,2,10,14737
F19998#F10,154,1359839,1359996,1,10,15008
F19998#F9,174,1044782,1044959,10,10,15755
F19998#F8,166,1079381,1079550,7,10,16775
F19998#F7,172,1061023,1061197,8,10,17385
F19998#F6,168,1202475,1202645,4,10,18028
F19998#F5,163,1209559,1209725,6,10,18722
F19998#F4,165,1094758,1094926,6,10,19257
F19998#F3,190,1309567,1309760,7,10,21878
F19998#F2,268,1301782,1302053,8,10,22582
F19998#F1,174,1212238,1212414,8,10,25228
F19998#F0,179,1216302,1216483,10,10,26946
