keyword,clientTime,serverTime,totalTime,resultLength,payloadSize,w1,w2
F285#F9078,217,87,308,0,480,10,11
F285#F931,101,59,162,0,480,10,12
F285#F9327,80,56,137,0,480,10,13
F285#F9803,82,78,161,0,480,10,14
F285#F8361,72,55,128,0,480,10,15
F285#F6479,76,120,197,0,480,10,16
F285#F9786,84,36,122,0,480,10,17
F285#F1812,55,88,145,0,480,10,18
F285#F1453,62,36,100,0,480,10,19
F285#F5044,55,42,98,0,480,10,20
F285#F7699,87,111,200,0,480,10,21
F285#F4127,70,48,119,0,480,10,22
F285#F4989,63,87,152,0,480,10,23
F285#F2777,52,35,88,0,480,10,24
F285#F35,41,31,74,0,480,10,25
F285#F5631,47,31,80,0,480,10,26
F285#F6021,51,33,85,0,480,10,27
F285#F5385,44,37,82,0,480,10,28
F285#F215,44,34,79,0,480,10,29
F285#F5570,43,84,128,0,480,10,30
F285#F6094,42,34,78,0,480,10,31
F285#F3769,42,34,78,0,480,10,32
F285#F5287,45,31,76,0,480,10,33
F285#F5424,89,32,122,0,480,10,34
F285#F3964,46,30,77,0,480,10,35
F285#F1813,45,73,120,0,480,10,36
F285#F7267,44,35,80,0,480,10,37
F285#F5517,44,34,79,0,480,10,38
F285#F9774,48,30,80,0,480,10,39
F285#F8700,87,33,122,0,480,10,40
F285#F3987,51,35,87,0,480,10,41
F285#F9914,44,33,78,0,480,10,42
F285#F9286,42,28,71,0,480,10,43
F285#F5382,42,30,73,0,480,10,44
F285#F6186,42,82,124,0,480,10,45
F285#F5597,49,35,85,0,480,10,46
F285#F3875,44,31,75,0,480,10,47
F285#F5577,44,28,73,0,480,10,48
F285#F3105,44,30,76,0,480,10,49
F285#F6035,46,31,78,0,480,10,50
F285#F2790,43,31,75,0,480,10,51
F285#F5436,44,79,124,0,480,10,52
F285#F3901,44,29,74,0,480,10,53
F285#F2506,45,33,79,0,480,10,54
F285#F3919,42,27,70,0,480,10,55
F285#F8132,42,29,72,0,480,10,56
F285#F9882,45,30,76,0,480,10,57
F285#F748,46,30,77,0,480,10,58
F285#F7607,41,29,72,0,480,10,59
F285#F1268,45,32,78,0,480,10,60
F285#F1717,41,30,72,0,480,10,61
F285#F6082,51,31,83,0,480,10,62
F285#F2782,88,34,122,0,480,10,63
F285#F780,41,28,70,0,480,10,64
F285#F3905,85,34,120,0,480,10,65
F285#F1880,44,31,75,0,480,10,66
F285#F7721,42,31,74,0,480,10,67
F285#F6747,45,32,79,0,480,10,68
F285#F1761,42,32,75,0,480,10,69
F285#F3795,42,33,76,0,480,10,70
F285#F3911,41,31,73,0,480,10,71
F285#F1165,43,81,124,0,480,10,72
F285#F460,52,31,84,0,480,10,73
F285#F1760,45,33,78,0,480,10,74
F285#F2687,41,82,124,0,480,10,75
F285#F3566,43,30,75,0,480,10,76
F285#F8692,44,83,128,0,480,10,77
F285#F2393,62,89,152,0,480,10,78
F285#F1877,42,34,77,0,480,10,79
F285#F6179,48,36,85,0,480,10,80
F285#F3893,44,33,78,0,480,10,81
F285#F6377,49,32,82,0,480,10,82
F285#F4550,51,33,85,0,480,10,83
F285#F3853,49,88,139,0,480,10,84
F285#F7737,49,31,81,0,480,10,85
F285#F4864,50,31,82,0,480,10,86
F285#F6884,50,38,89,0,480,10,87
F285#F9242,53,34,87,0,480,10,88
F285#F3988,52,39,92,0,480,10,89
F285#F1554,50,31,82,0,480,10,90
F285#F3147,46,65,112,0,480,10,91
F285#F5025,44,34,79,0,480,10,92
F285#F8445,46,33,80,0,480,10,93
F285#F5058,45,33,79,0,480,10,94
F285#F3282,43,31,75,0,480,10,95
F285#F3207,42,31,75,0,480,10,96
F285#F1222,44,29,74,0,480,10,97
F285#F7001,43,31,75,0,480,10,98
F285#F5141,43,29,73,0,480,10,99
F285#F2367,43,31,76,0,480,10,100
F285#F1417,41,31,73,0,480,10,101
F285#F1143,38,32,71,0,480,10,102
F285#F2472,44,30,74,0,480,10,103
F285#F2721,42,32,75,0,480,10,104
F285#F7660,40,31,72,0,480,10,105
F285#F5807,41,83,124,0,480,10,106
F285#F1181,44,35,80,0,480,10,107
F285#F4828,47,31,79,0,480,10,108
F285#F4793,43,32,75,0,480,10,109
F285#F1558,43,34,78,0,480,10,110
F285#F9771,43,29,74,0,480,10,111
F285#F463,39,30,70,0,480,10,112
F285#F8942,42,31,73,0,480,10,113
F285#F3448,44,33,78,0,480,10,114
F285#F2465,42,29,72,0,480,10,115
F285#F3403,86,32,119,0,480,10,116
F285#F6049,43,32,76,0,480,10,117
F285#F7354,43,36,81,0,480,10,118
F285#F1129,44,31,76,0,480,10,119
F285#F1177,43,31,75,0,480,10,120
F285#F2339,45,29,74,0,480,10,121
F285#F1373,45,29,76,0,480,10,122
F285#F1618,40,30,71,0,480,10,123
F285#F2329,42,30,72,0,480,10,124
F285#F1089,42,31,75,0,480,10,125
F285#F1749,42,30,73,0,480,10,126
F285#F638,43,35,79,0,480,10,127
F285#F1582,45,32,78,0,480,10,128
F285#F2212,44,29,74,0,480,10,129
F285#F529,42,32,75,0,480,10,130
F285#F3949,41,31,73,0,480,10,131
F285#F4626,42,30,74,0,480,10,132
F285#F2543,41,81,123,0,480,10,133
F285#F2348,52,35,88,0,480,10,134
F285#F3970,44,78,123,0,480,10,135
F285#F2384,45,29,76,0,480,10,136
F285#F9796,42,29,73,0,480,10,137
F285#F4372,40,32,73,0,480,10,138
F285#F1191,87,77,165,0,480,10,139
F285#F3323,47,29,77,0,480,10,140
F285#F2005,42,81,124,0,480,10,141
F285#F1626,44,37,83,0,480,10,142
F285#F2459,43,33,77,0,480,10,143
F285#F1599,41,33,75,0,480,10,144
F285#F1182,43,31,75,0,480,10,145
F285#F1231,43,31,75,0,480,10,146
F285#F2274,43,32,76,0,480,10,147
F285#F5701,44,77,121,0,480,10,148
F285#F2908,41,31,74,0,480,10,149
F285#F1673,42,29,73,0,480,10,150
F285#F9342,42,29,73,0,480,10,151
F285#F512,42,32,76,0,480,10,152
F285#F5535,42,30,73,0,480,10,153
F285#F5691,39,30,70,0,480,10,154
F285#F3924,41,79,120,0,480,10,155
F285#F5831,42,31,74,0,480,10,156
F285#F1198,87,31,119,0,480,10,157
F285#F9536,45,30,75,0,480,10,158
F285#F3336,45,84,130,0,480,10,159
F285#F1946,43,30,73,0,480,10,160
F285#F1411,44,32,77,0,480,10,161
F285#F7497,45,30,76,0,480,10,162
F285#F5987,46,35,83,0,480,10,163
F285#F1147,45,36,82,0,480,10,164
F285#F7704,48,33,82,0,480,10,165
F285#F9280,46,32,79,0,480,10,166
F285#F1756,51,32,84,0,480,10,167
F285#F4411,49,35,85,0,480,10,168
F285#F6029,47,80,128,0,480,10,169
F285#F7824,50,34,84,0,480,10,170
F285#F63,50,33,84,0,480,10,171
F285#F2733,50,33,83,0,480,10,172
F285#F2378,46,31,78,0,480,10,173
F285#F428,94,33,128,0,480,10,174
F285#F6660,47,33,81,0,480,10,175
F285#F7439,47,34,82,0,480,10,176
F285#F8715,49,31,81,0,480,10,177
F285#F3714,86,35,122,0,480,10,178
F285#F2833,50,33,84,0,480,10,179
F285#F5747,49,34,84,0,480,10,180
F285#F2914,47,82,131,0,480,10,181
F285#F4159,45,32,78,0,480,10,182
F285#F7590,42,35,78,0,480,10,183
F285#F2879,45,34,80,0,480,10,184
F285#F1183,53,34,88,0,480,10,185
F285#F478,48,33,82,0,480,10,186
F285#F2366,44,31,76,0,480,10,187
F285#F8562,46,32,79,0,480,10,188
F285#F7117,46,34,81,0,480,10,189
F285#F1777,43,33,77,0,480,10,190
F285#F5766,42,31,74,0,480,10,191
F285#F1346,47,32,80,0,480,10,192
F285#F2021,41,30,72,0,480,10,193
F285#F3589,44,32,77,0,480,10,194
F285#F7184,42,32,74,0,480,10,195
F285#F8748,44,83,128,0,480,10,196
F285#F1899,43,33,77,0,480,10,197
F285#F5214,45,31,77,0,480,10,198
F285#F5742,46,32,79,0,480,10,199
F285#F7202,41,30,72,0,480,10,200
F285#F8073,41,30,72,0,480,10,201
F285#F3916,45,31,77,0,480,10,202
F285#F3668,45,31,77,0,480,10,203
F285#F1062,44,32,78,0,480,10,204
F285#F2756,46,31,78,0,480,10,205
F285#F8641,91,78,170,0,480,10,206
F285#F2444,47,30,78,0,480,10,207
F285#F4597,42,29,73,0,480,10,208
F285#F6679,46,32,78,0,480,10,209
F285#F4759,42,31,74,0,480,10,210
F285#F484,43,84,128,0,480,10,211
F285#F8675,48,34,83,0,480,10,212
F285#F9248,43,32,76,0,480,10,213
F285#F1253,55,33,89,0,480,10,214
F285#F2695,41,77,119,0,480,10,215
F285#F7698,43,32,75,0,480,10,216
F285#F8912,42,31,74,0,480,10,217
F285#F3931,46,32,79,0,480,10,218
F285#F1314,47,33,80,0,480,10,219
F285#F9918,45,92,138,0,480,10,220
F285#F325,43,85,129,0,480,10,221
F285#F6375,43,40,85,0,480,10,222
F285#F6123,46,34,81,0,480,10,223
F285#F1446,46,30,76,0,480,10,224
F285#F6904,46,31,78,0,480,10,225
F285#F1990,43,31,76,0,480,10,226
F285#F4757,45,30,75,0,480,10,227
F285#F4730,43,30,74,0,480,10,228
F285#F204,43,31,75,0,480,10,229
F285#F6054,47,30,79,0,480,10,230
F285#F1684,45,76,122,0,480,10,231
F285#F7419,66,30,97,0,480,10,232
F285#F1735,47,30,78,0,480,10,233
F285#F1614,44,32,78,0,480,10,234
F285#F5066,43,30,74,0,480,10,235
F285#F6752,41,28,71,0,480,10,236
F285#F1549,43,28,72,0,480,10,237
F285#F5727,45,30,76,0,480,10,238
F285#F8592,46,30,77,0,480,10,239
F285#F2714,47,30,78,0,480,10,240
F285#F4,47,34,82,0,480,10,241
F285#F5321,43,85,129,0,480,10,242
F285#F9357,41,31,73,0,480,10,243
F285#F2489,51,34,85,0,480,10,244
F285#F7155,43,31,75,0,480,10,245
F285#F4227,48,34,83,0,480,10,246
F285#F9516,43,37,81,0,480,10,247
F285#F2318,44,31,76,0,480,10,248
F285#F3564,56,31,88,0,480,10,249
F285#F1615,45,84,129,0,480,10,250
F285#F497,45,33,78,0,480,10,251
F285#F1862,46,30,78,0,480,10,252
F285#F2409,44,32,77,0,480,10,253
F285#F9332,43,30,75,0,480,10,254
F285#F2891,40,30,71,0,480,10,255
F285#F2585,50,32,83,0,480,10,256
F285#F4563,43,32,76,0,480,10,257
F285#F8199,46,30,76,0,480,10,258
F285#F9519,43,30,74,0,480,10,259
F285#F2420,43,30,74,0,480,10,260
F285#F5071,47,33,81,0,480,10,261
F285#F1927,41,31,73,0,480,10,262
F285#F3066,43,30,73,0,480,10,263
F285#F1009,42,32,75,0,480,10,264
F285#F4312,42,29,72,0,480,10,265
F285#F6569,42,30,72,0,480,10,266
F285#F3858,44,30,75,0,480,10,267
F285#F3707,48,30,78,0,480,10,268
F285#F2011,46,37,83,0,480,10,269
F285#F2015,46,31,78,0,480,10,270
F285#F4549,45,35,81,0,480,10,271
F285#F620,44,84,129,0,480,10,272
F285#F4552,45,35,81,0,480,10,273
F285#F5556,46,28,75,0,480,10,274
F285#F8817,44,31,76,0,480,10,275
F285#F9123,54,88,142,0,480,10,276
F285#F1400,46,32,80,0,480,10,277
F285#F4750,44,35,80,0,480,10,278
F285#F5920,46,34,82,0,480,10,279
F285#F2949,44,31,76,0,480,10,280
F285#F2901,46,32,79,0,480,10,281
F285#F4194,49,33,82,0,480,10,282
F285#F5165,46,32,78,0,480,10,283
F285#F4672,47,31,79,0,480,10,284
F285#F6727,46,32,80,0,480,10,285
F285#F8952,48,32,81,0,480,10,286
F285#F1116,47,33,81,0,480,10,287
F285#F5590,47,32,80,0,480,10,288
F285#F1671,45,32,78,0,480,10,289
F285#F2004,41,34,76,0,480,10,290
F285#F6293,45,32,77,0,480,10,291
F285#F4313,44,32,77,0,480,10,292
F285#F5837,45,32,78,0,480,10,293
F285#F9317,41,81,124,0,480,10,294
F285#F2357,41,35,77,0,480,10,295
F285#F2829,48,34,82,0,480,10,296
F285#F3588,41,30,72,0,480,10,297
F285#F9644,44,31,76,0,480,10,298
F285#F9989,44,81,126,0,480,10,299
F285#F5083,46,34,81,0,480,10,300
F285#F3749,44,31,76,0,480,10,301
F285#F3655,43,30,74,0,480,10,302
F285#F2070,46,30,77,0,480,10,303
F285#F1894,43,33,77,0,480,10,304
F285#F4894,44,30,75,0,480,10,305
F285#F7341,47,32,80,0,480,10,306
F285#F1797,51,84,136,0,480,10,307
F285#F4826,48,33,82,0,480,10,308
F285#F4418,49,33,82,0,480,10,309
F285#F78,50,38,89,0,480,10,310
F285#F6496,47,31,79,0,480,10,311
F285#F2114,45,34,81,0,480,10,312
F285#F1404,45,33,78,0,480,10,313
F285#F6523,42,34,77,0,480,10,314
F285#F2655,43,33,77,0,480,10,315
F285#F2998,46,33,80,0,480,10,316
F285#F3513,46,30,78,0,480,10,317
F285#F5403,44,30,75,0,480,10,318
F285#F5595,44,31,76,0,480,10,319
F285#F373,42,32,75,0,480,10,320
F285#F1337,45,84,130,0,480,10,321
F285#F678,46,33,81,0,480,10,322
F285#F3254,49,31,81,0,480,10,323
F285#F7297,94,30,125,0,480,10,324
F285#F1957,47,31,79,0,480,10,325
F285#F5846,44,32,77,0,480,10,326
F285#F6086,46,37,84,0,480,10,327
F285#F5311,55,28,84,0,480,10,328
F285#F9793,45,27,73,0,480,10,329
F285#F5688,47,30,78,0,480,10,330
F285#F2149,45,29,76,0,480,10,331
F285#F3442,43,30,74,0,480,10,332
F285#F2211,40,30,72,0,480,10,333
F285#F1391,43,32,75,0,480,10,334
F285#F6497,43,31,74,0,480,10,335
F285#F540,44,29,75,0,480,10,336
F285#F2535,45,29,75,0,480,10,337
F285#F5750,43,29,73,0,480,10,338
F285#F262,43,76,120,0,480,10,339
F285#F8567,46,28,76,0,480,10,340
F285#F6819,44,28,74,0,480,10,341
F285#F1513,45,30,76,0,480,10,342
F285#F8003,58,28,88,0,480,10,343
F285#F2874,79,29,108,0,480,10,344
F285#F6517,43,29,73,0,480,10,345
F285#F2745,41,31,74,0,480,10,346
F285#F8156,40,28,70,0,480,10,347
F285#F1963,46,30,76,0,480,10,348
F285#F517,43,29,73,0,480,10,349
F285#F4199,42,33,77,0,480,10,350
F285#F2219,44,31,76,0,480,10,351
F285#F365,48,32,81,0,480,10,352
F285#F4512,48,35,84,0,480,10,353
F285#F8530,51,34,86,0,480,10,354
F285#F9813,45,32,79,0,480,10,355
F285#F7500,48,33,82,0,480,10,356
F285#F6338,45,31,77,0,480,10,357
F285#F4924,44,32,76,0,480,10,358
F285#F8430,44,33,79,0,480,10,359
F285#F2007,48,32,81,0,480,10,360
F285#F2355,46,34,81,0,480,10,361
F285#F3840,48,31,80,0,480,10,362
F285#F9335,46,30,77,0,480,10,363
F285#F6170,48,31,80,0,480,10,364
F285#F6701,46,31,78,0,480,10,365
F285#F6641,46,29,76,0,480,10,366
F285#F5813,91,33,125,0,480,10,367
F285#F3324,46,33,80,0,480,10,368
F285#F4465,50,31,83,0,480,10,369
F285#F2387,49,84,133,0,480,10,370
F285#F1846,44,31,76,0,480,10,371
F285#F3382,47,32,80,0,480,10,372
F285#F622,43,31,75,0,480,10,373
F285#F1980,47,31,79,0,480,10,374
F285#F2966,47,30,78,0,480,10,375
F285#F7272,52,53,106,0,480,10,376
F285#F6329,56,87,143,0,480,10,377
F285#F5376,54,32,87,0,480,10,378
F285#F8205,52,31,84,0,480,10,379
F285#F3126,49,38,88,0,480,10,380
F285#F6429,45,31,77,0,480,10,381
F285#F2337,52,84,138,0,480,10,382
F285#F430,46,36,83,0,480,10,383
F285#F8044,52,40,93,0,480,10,384
F285#F9219,51,81,134,0,480,10,385
F285#F1362,52,33,86,0,480,10,386
F285#F2117,52,83,136,0,480,10,387
F285#F8519,45,30,77,0,480,10,388
F285#F5821,92,39,133,0,480,10,389
F285#F628,52,33,87,0,480,10,390
F285#F4254,50,32,82,0,480,10,391
F285#F680,54,35,90,0,480,10,392
F285#F6383,51,33,85,0,480,10,393
F285#F647,50,31,83,0,480,10,394
F285#F3627,46,32,78,0,480,10,395
F285#F6599,50,61,113,0,480,10,396
F285#F764,70,40,111,0,480,10,397
F285#F5428,44,30,75,0,480,10,398
F285#F1924,45,32,78,0,480,10,399
F285#F9745,44,84,129,0,480,10,400
F285#F6422,45,39,85,0,480,10,401
F285#F1526,46,31,78,0,480,10,402
F285#F3153,41,31,74,0,480,10,403
F285#F6240,44,34,80,0,480,10,404
F285#F7611,44,30,75,0,480,10,405
F285#F1859,43,30,74,0,480,10,406
F285#F4984,43,32,76,0,480,10,407
F285#F1539,44,32,77,0,480,10,408
F285#F1744,54,30,85,0,480,10,409
F285#F3471,45,82,127,0,480,10,410
F285#F3435,44,31,76,0,480,10,411
F285#F4542,45,32,78,0,480,10,412
F285#F7262,46,30,77,0,480,10,413
F285#F7779,43,30,75,0,480,10,414
F285#F462,46,31,78,0,480,10,415
F285#F7749,43,32,77,0,480,10,416
F285#F7009,44,36,81,0,480,10,417
F285#F2424,43,31,75,0,480,10,418
F285#F498,89,39,129,0,480,10,419
F285#F6689,47,84,132,0,480,10,420
F285#F3405,46,33,80,0,480,10,421
F285#F2956,48,32,81,0,480,10,422
F285#F2959,47,34,81,0,480,10,423
F285#F2406,46,33,80,0,480,10,424
F285#F7157,45,33,80,0,480,10,425
F285#F390,46,31,78,0,480,10,426
F285#F2630,54,33,88,0,480,10,427
F285#F1801,46,33,80,0,480,10,428
F285#F5708,46,31,77,0,480,10,429
F285#F7166,42,32,75,0,480,10,430
F285#F1508,174,35,209,0,480,10,431
F285#F6970,46,29,76,0,480,10,432
F285#F8881,46,31,78,0,480,10,433
F285#F3612,41,32,74,0,480,10,434
F285#F8651,40,34,76,0,480,10,435
F285#F5047,42,32,75,0,480,10,436
F285#F8750,42,29,72,0,480,10,437
F285#F3093,43,28,72,0,480,10,438
F285#F7848,41,30,72,0,480,10,439
F285#F3560,40,30,71,0,480,10,440
F285#F2544,41,29,71,0,480,10,441
F285#F3096,41,31,73,0,480,10,442
F285#F7397,44,33,78,0,480,10,443
F285#F5113,41,30,73,0,480,10,444
F285#F6385,44,31,76,0,480,10,445
F285#F4382,92,33,126,0,480,10,446
F285#F2400,90,36,127,0,480,10,447
F285#F440,44,37,83,0,480,10,448
F285#F5056,47,33,82,0,480,10,449
F285#F6960,49,32,82,0,480,10,450
F285#F6942,50,33,83,0,480,10,451
F285#F3616,55,31,87,0,480,10,452
F285#F8927,48,31,80,0,480,10,453
F285#F5150,57,34,91,0,480,10,454
F285#F2513,45,32,77,0,480,10,455
F285#F5000,47,32,80,0,480,10,456
F285#F5086,49,31,81,0,480,10,457
F285#F260,48,30,79,0,480,10,458
F285#F1890,49,34,83,0,480,10,459
F285#F8198,45,32,77,0,480,10,460
F285#F3212,47,29,77,0,480,10,461
F285#F3653,43,31,75,0,480,10,462
F285#F1536,44,33,78,0,480,10,463
F285#F3728,44,30,75,0,480,10,464
F285#F2169,47,33,81,0,480,10,465
F285#F4059,48,31,80,0,480,10,466
F285#F1585,47,34,82,0,480,10,467
F285#F5217,47,32,80,0,480,10,468
F285#F5358,44,29,75,0,480,10,469
F285#F9390,42,30,74,0,480,10,470
F285#F1013,46,28,75,0,480,10,471
F285#F8426,55,30,85,0,480,10,472
F285#F6009,46,30,77,0,480,10,473
F285#F439,46,29,76,0,480,10,474
F285#F6861,42,85,128,0,480,10,475
F285#F2821,44,32,77,0,480,10,476
F285#F5717,43,30,75,0,480,10,477
F285#F6430,46,27,75,0,480,10,478
F285#F3088,48,34,82,0,480,10,479
F285#F8493,45,29,76,0,480,10,480
F285#F730,44,28,74,0,480,10,481
F285#F1698,45,28,74,0,480,10,482
F285#F7384,44,29,74,0,480,10,483
F285#F3233,44,31,76,0,480,10,484
F285#F1037,43,31,75,0,480,10,485
F285#F5896,48,35,84,0,480,10,486
F285#F967,41,29,71,0,480,10,487
F285#F8611,44,29,74,0,480,10,488
F285#F1889,54,35,91,0,480,10,489
F285#F2736,49,32,82,0,480,10,490
F285#F2605,51,57,110,0,480,10,491
F285#F9901,90,30,121,0,480,10,492
F285#F2955,45,31,77,0,480,10,493
F285#F4688,46,29,76,0,480,10,494
F285#F2662,47,30,78,0,480,10,495
F285#F2924,87,32,120,0,480,10,496
F285#F4656,46,32,78,0,480,10,497
F285#F5690,47,31,80,0,480,10,498
F285#F2887,46,85,132,0,480,10,499
F285#F3497,44,30,74,0,480,10,500
F285#F5545,45,84,130,0,480,10,501
F285#F626,44,34,79,0,480,10,502
F285#F3892,47,32,81,0,480,10,503
F285#F1710,46,35,81,0,480,10,504
F285#F4218,47,35,83,0,480,10,505
F285#F3994,47,35,83,0,480,10,506
F285#F5170,48,34,83,0,480,10,507
F285#F4744,46,31,78,0,480,10,508
F285#F7872,45,30,76,0,480,10,509
F285#F328,43,32,77,0,480,10,510
F285#F4156,46,82,129,0,480,10,511
F285#F2371,49,32,81,0,480,10,512
F285#F2105,48,36,85,0,480,10,513
F285#F5197,53,35,89,0,480,10,514
F285#F1252,50,32,83,0,480,10,515
F285#F982,47,30,78,0,480,10,516
F285#F8269,48,32,81,0,480,10,517
F285#F2441,45,31,77,0,480,10,518
F285#F5716,56,29,87,0,480,10,519
F285#F4399,45,31,77,0,480,10,520
F285#F5770,44,31,76,0,480,10,521
F285#F7256,44,32,77,0,480,10,522
F285#F5637,43,32,76,0,480,10,523
F285#F2471,44,32,77,0,480,10,524
F285#F5200,42,30,73,0,480,10,525
F285#F8798,48,30,79,0,480,10,526
F285#F3012,44,31,76,0,480,10,527
F285#F2979,45,29,76,0,480,10,528
F285#F9640,43,78,122,0,480,10,529
F285#F6455,45,31,77,0,480,10,530
F285#F9706,47,84,132,0,480,10,531
F285#F7324,46,35,82,0,480,10,532
F285#F8219,53,32,86,0,480,10,533
F285#F5367,47,36,85,0,480,10,534
F285#F1608,47,31,78,0,480,10,535
F285#F2016,45,32,78,0,480,10,536
F285#F5841,44,32,77,0,480,10,537
F285#F6887,43,31,76,0,480,10,538
F285#F8287,44,31,76,0,480,10,539
F285#F2418,40,29,71,0,480,10,540
F285#F8304,47,30,78,0,480,10,541
F285#F7078,41,72,113,0,480,10,542
F285#F8897,46,34,81,0,480,10,543
F285#F2215,43,28,71,0,480,10,544
F285#F3717,42,30,73,0,480,10,545
F285#F2933,40,28,69,0,480,10,546
F285#F1309,42,31,75,0,480,10,547
F285#F5900,43,31,75,0,480,10,548
F285#F1246,44,78,123,0,480,10,549
F285#F3165,44,30,76,0,480,10,550
F285#F4048,39,30,70,0,480,10,551
F285#F5307,40,29,70,0,480,10,552
F285#F3575,44,30,75,0,480,10,553
F285#F3741,42,30,73,0,480,10,554
F285#F757,40,30,71,0,480,10,555
F285#F1517,42,31,74,0,480,10,556
F285#F7097,43,83,127,0,480,10,557
F285#F9756,42,32,76,0,480,10,558
F285#F6315,45,33,79,0,480,10,559
F285#F2240,44,31,76,0,480,10,560
F285#F567,44,32,77,0,480,10,561
F285#F3193,45,33,79,0,480,10,562
F285#F9196,41,30,72,0,480,10,563
F285#F7773,42,29,73,0,480,10,564
F285#F7310,39,31,71,0,480,10,565
F285#F8954,38,30,69,0,480,10,566
F285#F8487,40,29,71,0,480,10,567
F285#F375,40,30,71,0,480,10,568
F285#F7105,42,33,76,0,480,10,569
F285#F6824,42,35,78,0,480,10,570
F285#F7910,43,30,75,0,480,10,571
F285#F1993,41,34,76,0,480,10,572
F285#F6043,44,30,75,0,480,10,573
F285#F1375,48,35,84,0,480,10,574
F285#F1733,44,32,76,0,480,10,575
F285#F5502,43,29,73,0,480,10,576
F285#F6761,43,31,76,0,480,10,577
F285#F1620,44,31,75,0,480,10,578
F285#F9828,45,30,76,0,480,10,579
F285#F5134,40,32,73,0,480,10,580
F285#F3613,40,33,74,0,480,10,581
F285#F1945,43,81,125,0,480,10,582
F285#F5018,41,33,75,0,480,10,583
F285#F8828,44,33,78,0,480,10,584
F285#F7083,40,33,74,0,480,10,585
F285#F9574,42,30,74,0,480,10,586
F285#F8317,41,31,72,0,480,10,587
F285#F7101,43,30,73,0,480,10,588
F285#F3943,40,30,71,0,480,10,589
F285#F7594,87,35,123,0,480,10,590
F285#F2035,42,38,81,0,480,10,591
F285#F3937,47,31,80,0,480,10,592
F285#F694,44,77,122,0,480,10,593
F285#F776,45,31,78,0,480,10,594
F285#F1981,46,33,80,0,480,10,595
F285#F4310,42,32,76,0,480,10,596
F285#F9942,44,31,76,0,480,10,597
F285#F9740,45,31,77,0,480,10,598
F285#F251,46,32,79,0,480,10,599
F285#F437,45,37,82,0,480,10,600
F285#F834,46,32,79,0,480,10,601
F285#F7027,40,31,72,0,480,10,602
F285#F4724,43,32,76,0,480,10,603
F285#F4239,43,32,76,0,480,10,604
F285#F3756,43,31,74,0,480,10,605
F285#F7610,41,30,71,0,480,10,606
F285#F156,46,32,79,0,480,10,607
F285#F9826,42,32,75,0,480,10,608
F285#F2111,41,31,73,0,480,10,609
F285#F3599,40,29,69,0,480,10,610
F285#F4449,42,30,73,0,480,10,611
F285#F8436,44,29,75,0,480,10,612
F285#F2548,75,33,110,0,480,10,613
F285#F3141,49,33,82,0,480,10,614
F285#F3801,52,32,85,0,480,10,615
F285#F9131,45,32,79,0,480,10,616
F285#F6613,52,34,87,0,480,10,617
F285#F1738,47,33,82,0,480,10,618
F285#F347,46,34,81,0,480,10,619
F285#F9255,48,86,135,0,480,10,620
F285#F3097,47,32,80,0,480,10,621
F285#F4875,52,35,88,0,480,10,622
F285#F6514,49,86,135,0,480,10,623
F285#F7960,49,31,81,0,480,10,624
F285#F395,56,33,90,0,480,10,625
F285#F4825,44,83,128,0,480,10,626
F285#F3659,45,33,79,0,480,10,627
F285#F5694,45,32,79,0,480,10,628
F285#F5544,42,29,72,0,480,10,629
F285#F169,41,31,73,0,480,10,630
F285#F7930,43,28,72,0,480,10,631
F285#F908,57,31,89,0,480,10,632
F285#F582,41,32,75,0,480,10,633
F285#F2809,40,82,123,0,480,10,634
F285#F4701,46,33,79,0,480,10,635
F285#F3081,44,34,79,0,480,10,636
F285#F3608,41,33,75,0,480,10,637
F285#F1133,45,31,77,0,480,10,638
F285#F4772,41,33,75,0,480,10,639
F285#F3825,42,30,74,0,480,10,640
F285#F2404,41,29,71,0,480,10,641
F285#F2718,38,31,70,0,480,10,642
F285#F7106,40,28,69,0,480,10,643
F285#F6579,41,27,69,0,480,10,644
F285#F7164,44,29,74,0,480,10,645
F285#F639,41,28,70,0,480,10,646
F285#F763,42,27,70,0,480,10,647
F285#F8356,43,27,71,0,480,10,648
F285#F9045,45,29,75,0,480,10,649
F285#F8316,82,36,119,0,480,10,650
F285#F5587,41,33,75,0,480,10,651
F285#F2810,40,29,70,0,480,10,652
F285#F4126,40,38,79,0,480,10,653
F285#F5279,46,31,79,0,480,10,654
F285#F4694,44,33,78,0,480,10,655
F285#F3338,44,29,74,0,480,10,656
F285#F9765,44,31,77,0,480,10,657
F285#F4440,41,32,75,0,480,10,658
F285#F8206,42,31,73,0,480,10,659
F285#F2487,43,33,77,0,480,10,660
F285#F5298,40,30,72,0,480,10,661
F285#F3844,41,31,73,0,480,10,662
F285#F6494,41,31,73,0,480,10,663
F285#F6540,45,82,128,0,480,10,664
F285#F818,50,33,83,0,480,10,665
F285#F7328,47,34,82,0,480,10,666
F285#F1779,46,32,79,0,480,10,667
F285#F1,42,32,74,0,480,10,668
F285#F6201,46,84,131,0,480,10,669
F285#F6295,43,35,78,0,480,10,670
F285#F3412,42,30,73,0,480,10,671
F285#F3433,42,31,74,0,480,10,672
F285#F2684,44,30,75,0,480,10,673
F285#F4980,45,30,76,0,480,10,674
F285#F8216,48,35,84,0,480,10,675
F285#F5859,45,29,75,0,480,10,676
F285#F6112,87,36,124,0,480,10,677
F285#F8480,42,33,76,0,480,10,678
F285#F897,45,31,77,0,480,10,679
F285#F7932,43,33,77,0,480,10,680
F285#F4510,42,31,74,0,480,10,681
F285#F8664,47,32,80,0,480,10,682
F285#F7604,40,31,73,0,480,10,683
F285#F130,40,31,73,0,480,10,684
F285#F8885,45,33,79,0,480,10,685
F285#F380,41,31,73,0,480,10,686
F285#F7321,57,31,89,0,480,10,687
F285#F877,46,31,78,0,480,10,688
F285#F603,42,31,73,0,480,10,689
F285#F5705,41,32,73,0,480,10,690
F285#F5294,41,31,74,0,480,10,691
F285#F7109,44,34,78,0,480,10,692
F285#F4634,49,30,80,0,480,10,693
F285#F9657,88,31,121,0,480,10,694
F285#F4582,42,34,77,0,480,10,695
F285#F4621,40,35,75,0,480,10,696
F285#F6582,52,31,84,0,480,10,697
F285#F2562,48,35,84,0,480,10,698
F285#F4518,51,32,84,0,480,10,700
F285#F5432,49,34,83,0,480,10,701
F285#F4741,47,33,81,0,480,10,702
F285#F6288,47,35,82,0,480,10,703
F285#F2157,46,34,82,0,480,10,704
F285#F3364,46,37,84,0,480,10,705
F285#F1785,47,36,84,0,480,10,706
F285#F9331,48,36,86,0,480,10,707
F285#F9492,46,34,81,0,480,10,708
F285#F4957,47,33,81,0,480,10,709
F285#F8363,48,34,83,0,480,10,710
F285#F1423,43,31,75,0,480,10,711
F285#F8796,50,29,80,0,480,10,712
F285#F4000,49,31,81,0,480,10,713
F285#F2152,49,33,84,0,480,10,714
F285#F1374,47,32,80,0,480,10,715
F285#F6347,47,35,83,0,480,10,716
F285#F8431,48,85,134,0,480,10,717
F285#F7840,44,32,77,0,480,10,718
F285#F720,45,31,77,0,480,10,719
F285#F392,47,30,78,0,480,10,720
F285#F5869,45,30,76,0,480,10,721
F285#F2728,47,29,77,0,480,10,722
F285#F655,88,36,126,0,480,10,723
F285#F1758,47,32,80,0,480,10,724
F285#F6482,46,33,80,0,480,10,725
F285#F9854,45,84,130,0,480,10,726
F285#F2996,43,37,81,0,480,10,727
F285#F2121,47,31,78,0,480,10,728
F285#F9137,45,30,76,0,480,10,729
F285#F6992,45,31,77,0,480,10,730
F285#F2134,44,32,77,0,480,10,731
F285#F4699,44,32,77,0,480,10,732
F285#F8239,44,32,77,0,480,10,733
F285#F9257,41,34,75,0,480,10,734
F285#F2772,42,32,76,0,480,10,735
F285#F4557,42,34,77,0,480,10,736
F285#F1132,44,83,128,0,480,10,737
F285#F8267,45,32,77,0,480,10,738
F285#F5029,46,32,80,0,480,10,739
F285#F16,45,33,78,0,480,10,740
F285#F7937,46,33,80,0,480,10,741
F285#F9388,45,31,77,0,480,10,742
F285#F4397,46,35,82,0,480,10,743
F285#F5611,43,33,77,0,480,10,744
F285#F8151,48,33,82,0,480,10,745
F285#F2049,47,36,84,0,480,10,746
F285#F4879,44,33,78,0,480,10,747
F285#F5327,47,30,78,0,480,10,749
F285#F7532,48,32,81,0,480,10,750
F285#F2453,45,28,74,0,480,10,751
F285#F8826,93,35,129,0,480,10,752
F285#F808,44,33,78,0,480,10,753
F285#F3167,44,32,77,0,480,10,754
F285#F4780,46,31,77,0,480,10,755
F285#F7664,50,83,134,0,480,10,756
F285#F9035,47,33,80,0,480,10,757
F285#F7032,45,35,82,0,480,10,758
F285#F3238,46,33,80,0,480,10,759
F285#F3281,44,33,79,0,480,10,760
F285#F2233,49,31,81,0,480,10,761
F285#F3341,54,32,87,0,480,10,762
F285#F9300,44,31,77,0,480,10,763
F285#F837,43,32,77,0,480,10,765
F285#F6230,45,36,82,0,480,10,766
F285#F1291,44,32,77,0,480,10,767
F285#F4273,44,33,78,0,480,10,768
F285#F3154,48,31,80,0,480,10,769
F285#F9742,45,31,77,0,480,10,770
F285#F4121,45,32,78,0,480,10,771
F285#F7064,44,37,82,0,480,10,772
F285#F7042,52,31,84,0,480,10,773
F285#F2522,48,32,81,0,480,10,774
F285#F7457,46,31,78,0,480,10,775
F285#F8523,89,34,124,0,480,10,776
F285#F4861,45,33,78,0,480,10,777
F285#F1204,47,31,79,0,480,10,778
F285#F7805,47,83,131,0,480,10,779
F285#F5898,44,33,79,0,480,10,780
F285#F5939,47,33,80,0,480,10,781
F285#F7398,45,33,79,0,480,10,782
F285#F3574,47,30,78,0,480,10,783
F285#F6876,49,31,81,0,480,10,784
F285#F59,42,33,76,0,480,10,786
F285#F3381,45,31,77,0,480,10,787
F285#F9275,47,30,78,0,480,10,788
F285#F4854,45,33,79,0,480,10,789
F285#F2941,46,32,78,0,480,10,790
F285#F8645,46,31,78,0,480,10,791
F285#F8157,44,30,76,0,480,10,792
F285#F7520,43,31,75,0,480,10,793
F285#F4062,42,31,74,0,480,10,794
F285#F6192,43,30,74,0,480,10,795
F285#F7491,43,39,83,0,480,10,796
F285#F3367,52,33,86,0,480,10,797
F285#F8055,45,31,78,0,480,10,798
F285#F5188,44,83,128,0,480,10,799
F285#F9680,48,31,81,0,480,10,800
F285#F4148,43,30,74,0,480,10,801
F285#F5893,46,31,79,0,480,10,802
F285#F2667,44,30,75,0,480,10,803
F285#F2665,43,76,120,0,480,10,804
F285#F5185,64,33,99,0,480,10,806
F285#F6453,46,85,132,0,480,10,807
F285#F8149,46,37,85,0,480,10,808
F285#F7177,53,93,147,0,480,10,809
F285#F3200,48,36,86,0,480,10,810
F285#F7525,49,33,83,0,480,10,811
F285#F7536,49,35,84,0,480,10,812
F285#F2491,49,32,82,0,480,10,814
F285#F7416,54,32,86,0,480,10,815
F285#F2267,55,33,89,0,480,10,816
F285#F6951,48,35,84,0,480,10,817
F285#F7559,47,35,83,0,480,10,818
F285#F5299,52,36,90,0,480,10,819
F285#F8134,102,28,132,0,480,10,820
F285#F4078,45,33,79,0,480,10,821
F285#F4972,47,34,81,0,480,10,822
F285#F4627,42,32,74,0,480,10,824
F285#F8045,42,30,74,0,480,10,825
F285#F8955,48,30,79,0,480,10,826
F285#F6848,43,31,75,0,480,10,827
F285#F2036,44,30,75,0,480,10,828
F285#F2774,46,30,77,0,480,10,829
F285#F3496,43,29,73,0,480,10,830
F285#F8164,45,34,80,0,480,10,832
F285#F3870,46,32,79,0,480,10,833
F285#F2101,46,33,80,0,480,10,834
F285#F2608,45,33,79,0,480,10,835
F285#F8928,42,30,73,0,480,10,836
F285#F469,42,31,74,0,480,10,837
F285#F4094,46,34,81,0,480,10,838
F285#F8119,43,27,71,0,480,10,839
F285#F1381,42,82,125,0,480,10,840
F285#F4287,44,36,81,0,480,10,841
F285#F4762,47,32,80,0,480,10,842
F285#F6691,43,30,74,0,480,10,843
F285#F3315,42,30,73,0,480,10,844
F285#F6308,41,30,72,0,480,10,845
F285#F9422,78,78,158,0,480,10,846
F285#F1672,46,29,76,0,480,10,847
F285#F2974,45,30,76,0,480,10,848
F285#F5592,43,30,75,0,480,10,849
F285#F5647,42,29,72,0,480,10,850
F285#F2031,44,30,74,0,480,10,851
F285#F1466,62,38,100,0,480,10,852
F285#F5990,45,28,75,0,480,10,853
F285#F9004,44,29,75,0,480,10,854
F285#F3939,47,32,80,0,480,10,855
F285#F5391,47,28,76,0,480,10,856
F285#F4119,46,30,76,0,480,10,858
F285#F9643,48,30,79,0,480,10,859
F285#F3294,41,29,71,0,480,10,860
F285#F2849,44,29,74,0,480,10,861
F285#F8175,46,31,78,0,480,10,862
F285#F3703,48,32,81,0,480,10,863
F285#F8745,43,29,73,0,480,10,864
F285#F6125,90,29,121,0,480,10,865
F285#F3711,50,29,79,0,480,10,866
F285#F2878,43,29,73,0,480,10,867
F285#F8644,44,29,74,0,480,10,868
F285#F8165,55,43,99,0,480,10,870
F285#F6402,38,33,72,0,480,10,871
F285#F4484,50,30,80,0,480,10,872
F285#F8136,51,29,81,0,480,10,873
F285#F1338,41,31,73,0,480,10,874
F285#F9530,44,30,75,0,480,10,875
F285#F6319,45,31,76,0,480,10,876
F285#F2209,42,29,72,0,480,10,881
F285#F2847,45,29,75,0,480,10,882
F285#F2024,85,82,168,0,480,10,883
F285#F6269,48,28,77,0,480,10,884
F285#F4934,44,28,73,0,480,10,885
F285#F5664,43,29,73,0,480,10,886
F285#F9102,90,35,125,0,480,10,887
F285#F2885,43,30,74,0,480,10,888
F285#F3221,45,30,76,0,480,10,889
F285#F9134,45,30,76,0,480,10,890
F285#F6534,43,30,74,0,480,10,891
F285#F7871,43,32,76,0,480,10,892
F285#F333,45,29,75,0,480,10,893
F285#F5915,45,28,74,0,480,10,894
F285#F530,45,30,75,0,480,10,895
F285#F7995,42,29,72,0,480,10,896
F285#F8915,44,81,126,0,480,10,897
F285#F3396,46,33,79,0,480,10,898
F285#F3536,42,30,73,0,480,10,899
F285#F5348,46,31,78,0,480,10,901
F285#F5045,43,28,73,0,480,10,902
F285#F3420,43,83,127,0,480,10,903
F285#F1866,46,31,78,0,480,10,904
F285#F1773,44,84,130,0,480,10,905
F285#F5014,42,32,75,0,480,10,906
F285#F7655,39,30,71,0,480,10,907
F285#F4904,42,36,80,0,480,10,908
F285#F1442,44,30,76,0,480,10,909
F285#F4511,43,80,124,0,480,10,910
F285#F2702,45,32,78,0,480,10,911
F285#F2392,43,28,73,0,480,10,912
F285#F8760,41,30,72,0,480,10,913
F285#F9789,46,32,80,0,480,10,914
F285#F6462,41,32,74,0,480,10,915
F285#F1076,42,29,72,0,480,10,916
F285#F8596,46,33,81,0,480,10,917
F285#F1350,44,34,79,0,480,10,918
F285#F7720,43,31,75,0,480,10,919
F285#F1295,43,84,127,0,480,10,920
F285#F3530,42,83,126,0,480,10,921
F285#F2096,41,30,73,0,480,10,922
F285#F3583,42,29,72,0,480,10,923
F285#F1243,45,34,81,0,480,10,924
F285#F907,47,31,78,0,480,10,925
F285#F1330,42,31,74,0,480,10,926
F285#F731,42,30,72,0,480,10,927
F285#F7261,42,29,72,0,480,10,928
F285#F3778,45,31,77,0,480,10,929
F285#F7000,44,30,75,0,480,10,930
F285#F3836,41,33,75,0,480,10,931
F285#F1187,44,30,74,0,480,10,934
F285#F5278,42,30,73,0,480,10,935
F285#F838,42,31,74,0,480,10,937
F285#F5300,42,28,70,0,480,10,938
F285#F2483,43,29,73,0,480,10,939
F285#F1424,42,42,85,0,480,10,940
F285#F7730,43,31,75,0,480,10,942
F285#F8384,43,29,73,0,480,10,943
F285#F7765,43,29,74,0,480,10,944
F285#F7983,42,79,123,0,480,10,945
F285#F2166,41,31,74,0,480,10,946
F285#F4392,42,28,71,0,480,10,947
F285#F3867,43,30,74,0,480,10,948
F285#F6036,42,32,76,0,480,10,949
F285#F1525,48,33,82,0,480,10,950
F285#F641,47,30,78,0,480,10,951
F285#F7488,43,34,79,0,480,10,952
F285#F2488,47,72,121,0,480,10,953
F285#F9233,49,37,86,0,480,10,954
F285#F7270,49,33,83,0,480,10,955
F285#F4719,45,32,78,0,480,10,956
F285#F4172,46,31,78,0,480,10,957
F285#F5280,46,31,78,0,480,10,958
F285#F6918,43,84,128,0,480,10,959
F285#F1233,47,34,82,0,480,10,961
F285#F4778,43,32,76,0,480,10,962
F285#F9264,46,32,79,0,480,10,963
F285#F8713,44,34,79,0,480,10,964
F285#F4842,47,30,78,0,480,10,965
F285#F9621,43,32,77,0,480,10,966
F285#F5128,46,30,77,0,480,10,967
F285#F1055,47,31,79,0,480,10,968
F285#F9319,48,32,82,0,480,10,969
F285#F8236,45,32,78,0,480,10,970
F285#F8098,46,31,78,0,480,10,971
F285#F3698,47,29,78,0,480,10,972
F285#F3086,44,31,76,0,480,10,973
F285#F6469,42,30,73,0,480,10,974
F285#F8997,44,30,76,0,480,10,976
F285#F6543,46,29,76,0,480,10,977
F285#F2991,46,31,78,0,480,10,979
F285#F8618,47,33,81,0,480,10,980
F285#F6445,50,84,135,0,480,10,981
F285#F4802,44,31,77,0,480,10,982
F285#F2595,44,31,76,0,480,10,984
F285#F4124,42,29,72,0,480,10,985
F285#F4948,45,31,77,0,480,10,986
F285#F3027,42,31,74,0,480,10,987
F285#F2106,42,28,71,0,480,10,989
F285#F9814,85,35,122,0,480,10,990
F285#F7510,47,34,82,0,480,10,991
F285#F2971,51,35,87,0,480,10,992
F285#F785,50,30,80,0,480,10,993
F285#F2061,45,44,90,0,480,10,994
F285#F1960,52,32,85,0,480,10,995
F285#F6710,47,30,78,0,480,10,996
F285#F9628,45,29,75,0,480,10,997
F285#F1203,44,32,77,0,480,10,998
F285#F5397,42,32,74,0,480,10,999
F285#F5322,42,29,72,0,480,10,1000
F285#F9020,45,30,76,0,480,10,1001
F285#F8616,41,30,72,0,480,10,1002
F285#F5619,43,32,76,0,480,10,1003
F285#F2245,45,33,78,0,480,10,1004
F285#F6736,45,84,130,0,480,10,1005
F285#F1277,43,37,81,0,480,10,1006
F285#F8831,54,31,86,0,480,10,1007
F285#F5919,47,31,79,0,480,10,1008
F285#F6890,45,34,80,0,480,10,1009
F285#F616,47,32,81,0,480,10,1010
F285#F4023,46,35,81,0,480,10,1011
F285#F9655,46,34,81,0,480,10,1012
F285#F8510,44,32,77,0,480,10,1013
F285#F8261,44,32,76,0,480,10,1014
F285#F1874,44,83,128,0,480,10,1015
F285#F5950,45,29,75,0,480,10,1016
F285#F1807,42,32,76,0,480,10,1017
F285#F856,44,49,94,0,480,10,1018
F285#F8451,43,32,76,0,480,10,1019
F285#F2478,44,29,74,0,480,10,1020
F285#F3457,41,31,73,0,480,10,1021
F285#F8074,45,30,75,0,480,10,1022
F285#F7020,44,29,74,0,480,10,1024
F285#F5330,46,30,78,0,480,10,1025
F285#F3127,44,84,129,0,480,10,1026
F285#F4945,50,32,83,0,480,10,1028
F285#F1916,44,31,76,0,480,10,1029
F285#F6155,42,31,74,0,480,10,1030
F285#F1646,41,28,71,0,480,10,1031
F285#F2080,47,28,77,0,480,10,1032
F285#F4766,45,32,77,0,480,10,1033
F285#F7881,44,30,75,0,480,10,1034
F285#F8855,43,29,73,0,480,10,1035
F285#F1491,41,61,102,0,480,10,1036
F285#F2842,43,80,124,0,480,10,1037
F285#F6622,46,32,79,0,480,10,1038
F285#F6575,41,33,75,0,480,10,1039
F285#F4920,46,30,76,0,480,10,1040
F285#F2712,44,31,76,0,480,10,1041
F285#F7138,48,29,78,0,480,10,1042
F285#F8747,47,34,82,0,480,10,1043
F285#F5413,43,32,75,0,480,10,1044
F285#F4631,48,28,78,0,480,10,1045
F285#F286,44,30,75,0,480,10,1047
F285#F6780,41,37,79,0,480,10,1048
F285#F4240,41,35,78,0,480,10,1049
F285#F8941,40,30,70,0,480,10,1051
F285#F8542,83,33,117,0,480,10,1052
F285#F1462,44,30,76,0,480,10,1053
F285#F268,42,31,73,0,480,10,1054
F285#F8228,44,31,76,0,480,10,1055
F285#F1985,42,34,77,0,480,10,1056
F285#F4276,42,33,75,0,480,10,1057
F285#F2190,43,30,75,0,480,10,1060
F285#F6967,81,32,114,0,480,10,1061
F285#F3052,54,33,88,0,480,10,1062
F285#F1158,44,32,77,0,480,10,1064
F285#F7999,42,32,74,0,480,10,1065
F285#F9777,41,82,123,0,480,10,1066
F285#F3712,43,32,75,0,480,10,1067
F285#F1589,53,31,85,0,480,10,1071
F285#F3025,44,30,75,0,480,10,1072
F285#F362,44,30,75,0,480,10,1073
F285#F3446,43,27,72,0,480,10,1074
F285#F1188,42,84,127,0,480,10,1075
F285#F2896,42,30,73,0,480,10,1076
F285#F8667,43,30,74,0,480,10,1078
F285#F8298,46,31,79,0,480,10,1079
F285#F9165,42,28,71,0,480,10,1080
F285#F8600,44,30,75,0,480,10,1081
F285#F7946,45,34,80,0,480,10,1082
F285#F2803,42,84,127,0,480,10,1083
F285#F1293,42,33,75,0,480,10,1084
F285#F5612,42,32,76,0,480,10,1085
F285#F4747,43,31,75,0,480,10,1086
F285#F1450,42,32,74,0,480,10,1087
F285#F359,42,33,76,0,480,10,1088
F285#F578,45,32,77,0,480,10,1089
F285#F4362,43,33,78,0,480,10,1090
F285#F7865,44,33,78,0,480,10,1092
F285#F8916,43,32,76,0,480,10,1093
F285#F2835,47,31,79,0,480,10,1094
F285#F7744,42,33,76,0,480,10,1095
F285#F3763,45,34,79,0,480,10,1096
F285#F7424,43,32,76,0,480,10,1097
F285#F6583,47,32,80,0,480,10,1098
F285#F1810,43,31,76,0,480,10,1100
F285#F2992,44,32,76,0,480,10,1101
F285#F4219,42,33,76,0,480,10,1102
F285#F614,43,36,80,0,480,10,1103
F285#F1515,45,60,105,0,480,10,1104
F285#F1739,45,35,81,0,480,10,1105
F285#F2843,50,35,85,0,480,10,1106
F285#F8905,43,37,81,0,480,10,1107
F285#F5924,48,35,84,0,480,10,1108
F285#F5127,46,32,79,0,480,10,1111
F285#F5993,48,32,81,0,480,10,1112
F285#F2679,43,33,78,0,480,10,1113
F285#F5189,43,35,78,0,480,10,1114
F285#F9076,88,33,122,0,480,10,1115
F285#F4225,48,34,83,0,480,10,1117
F285#F9010,43,33,77,0,480,10,1120
F285#F4928,53,32,86,0,480,10,1122
F285#F968,42,32,75,0,480,10,1125
F285#F7800,46,32,79,0,480,10,1126
F285#F7230,46,31,78,0,480,10,1127
F285#F5798,45,80,126,0,480,10,1129
F285#F5273,43,82,126,0,480,10,1131
F285#F9062,42,35,78,0,480,10,1132
F285#F6314,46,34,81,0,480,10,1133
F285#F9284,46,34,82,0,480,10,1134
F285#F9125,43,30,74,0,480,10,1135
F285#F4709,43,30,74,0,480,10,1136
F285#F9213,55,32,89,0,480,10,1137
F285#F6779,44,32,77,0,480,10,1138
F285#F7368,42,35,78,0,480,10,1139
F285#F3856,45,33,79,0,480,10,1140
F285#F1947,42,31,75,0,480,10,1142
F285#F6854,40,32,73,0,480,10,1143
F285#F3625,42,32,75,0,480,10,1144
F285#F265,47,31,79,0,480,10,1145
F285#F7124,47,33,81,0,480,10,1146
F285#F3947,47,37,84,0,480,10,1147
F285#F2970,43,32,77,0,480,10,1148
F285#F4570,46,31,78,0,480,10,1150
F285#F8998,42,32,76,0,480,10,1151
F285#F1169,43,31,74,0,480,10,1153
F285#F698,46,33,81,0,480,10,1154
F285#F3464,45,34,80,0,480,10,1155
F285#F2770,44,35,79,0,480,10,1156
F285#F6149,46,33,80,0,480,10,1157
F285#F2854,46,30,77,0,480,10,1158
F285#F2137,41,32,74,0,480,10,1159
F285#F6317,49,31,81,0,480,10,1161
F285#F330,89,42,132,0,480,10,1162
F285#F8143,42,30,73,0,480,10,1163
F285#F3777,50,31,82,0,480,10,1164
F285#F5819,43,35,79,0,480,10,1165
F285#F8690,47,34,82,0,480,10,1166
F285#F8097,44,33,78,0,480,10,1168
F285#F4174,43,32,77,0,480,10,1170
F285#F4138,46,33,80,0,480,10,1171
F285#F354,45,33,79,0,480,10,1172
F285#F9480,88,37,126,0,480,10,1173
F285#F4579,43,79,123,0,480,10,1174
F285#F9891,46,34,81,0,480,10,1176
F285#F7839,45,33,78,0,480,10,1177
F285#F4228,43,31,75,0,480,10,1178
F285#F7534,43,31,75,0,480,10,1179
F285#F1852,47,30,79,0,480,10,1180
F285#F304,43,33,77,0,480,10,1181
F285#F8040,46,28,76,0,480,10,1182
F285#F4585,45,29,75,0,480,10,1185
F285#F8634,41,30,73,0,480,10,1186
F285#F2935,45,33,79,0,480,10,1187
F285#F1332,44,34,78,0,480,10,1188
F285#F4870,45,32,78,0,480,10,1189
F285#F9922,45,31,77,0,480,10,1190
F285#F1474,43,33,78,0,480,10,1191
F285#F6332,46,33,81,0,480,10,1192
F285#F3500,45,30,76,0,480,10,1194
F285#F7526,43,31,76,0,480,10,1196
F285#F4303,40,61,102,0,480,10,1197
F285#F172,41,35,76,0,480,10,1198
F285#F5973,45,34,80,0,480,10,1199
F285#F2596,50,31,82,0,480,10,1200
F285#F3506,52,37,90,0,480,10,1203
F285#F4858,47,35,83,0,480,10,1204
F285#F8716,45,82,127,0,480,10,1205
F285#F2858,49,36,85,0,480,10,1206
F285#F7430,44,32,77,0,480,10,1207
F285#F3375,43,77,121,0,480,10,1208
F285#F8934,42,38,81,0,480,10,1209
F285#F7435,44,35,80,0,480,10,1210
F285#F397,45,31,76,0,480,10,1211
F285#F2481,44,74,119,0,480,10,1215
F285#F4999,45,79,125,0,480,10,1216
F285#F1912,83,37,121,0,480,10,1217
F285#F1929,45,33,79,0,480,10,1219
F285#F6012,44,32,78,0,480,10,1220
F285#F2657,46,32,80,0,480,10,1222
F285#F3069,45,85,131,0,480,10,1223
F285#F5067,46,34,81,0,480,10,1224
F285#F4513,45,31,77,0,480,10,1226
F285#F5883,47,30,79,0,480,10,1229
F285#F6336,45,32,78,0,480,10,1230
F285#F8308,44,32,76,0,480,10,1231
F285#F3444,46,34,81,0,480,10,1232
F285#F8452,45,33,79,0,480,10,1233
F285#F6078,43,31,75,0,480,10,1235
F285#F3393,46,32,79,0,480,10,1237
F285#F3691,40,30,72,0,480,10,1241
F285#F4587,39,30,69,0,480,10,1243
F285#F2923,41,82,124,0,480,10,1244
F285#F6958,43,40,84,0,480,10,1245
F285#F128,45,34,81,0,480,10,1246
F285#F5951,42,34,77,0,480,10,1247
F285#F6756,41,79,121,0,480,10,1248
F285#F7514,49,31,81,0,480,10,1249
F285#F8378,45,31,77,0,480,10,1250
F285#F4638,45,34,80,0,480,10,1251
F285#F4072,46,35,82,0,480,10,1253
F285#F1683,46,32,79,0,480,10,1257
F285#F1398,47,32,80,0,480,10,1261
F285#F9599,48,35,83,0,480,10,1263
F285#F7258,44,31,76,0,480,10,1264
F285#F6438,43,30,74,0,480,10,1266
F285#F8784,41,31,73,0,480,10,1267
F285#F587,45,33,79,0,480,10,1268
F285#F4665,45,33,79,0,480,10,1269
F285#F9881,44,77,123,0,480,10,1270
F285#F4882,46,33,80,0,480,10,1272
F285#F6762,42,33,76,0,480,10,1273
F285#F3534,45,32,78,0,480,10,1276
F285#F9540,46,32,79,0,480,10,1277
F285#F3808,41,32,74,0,480,10,1278
F285#F6833,42,80,123,0,480,10,1281
F285#F272,45,30,76,0,480,10,1282
F285#F2957,44,32,76,0,480,10,1283
F285#F9229,46,32,79,0,480,10,1285
F285#F9217,48,32,80,0,480,10,1286
F285#F6644,42,81,125,0,480,10,1287
F285#F2363,45,33,79,0,480,10,1291
F285#F4289,93,35,129,0,480,10,1293
F285#F2553,48,35,84,0,480,10,1296
F285#F1747,48,34,82,0,480,10,1297
F285#F1504,46,39,86,0,480,10,1298
F285#F7127,42,34,77,0,480,10,1299
F285#F8633,47,31,79,0,480,10,1303
F285#F3173,45,31,78,0,480,10,1304
F285#F5972,48,31,81,0,480,10,1305
F285#F7962,47,30,78,0,480,10,1307
F285#F226,88,78,168,0,480,10,1309
F285#F5675,44,29,74,0,480,10,1311
F285#F8407,45,34,80,0,480,10,1313
F285#F4682,43,31,76,0,480,10,1314
F285#F4211,45,30,76,0,480,10,1316
F285#F167,88,31,119,0,480,10,1317
F285#F2700,44,31,77,0,480,10,1318
F285#F3168,43,31,75,0,480,10,1320
F285#F6548,43,83,126,0,480,10,1322
F285#F9053,43,32,77,0,480,10,1324
F285#F7793,48,32,82,0,480,10,1326
F285#F1333,66,95,162,0,480,10,1327
F285#F7797,50,37,88,0,480,10,1328
F285#F1067,49,33,83,0,480,10,1332
F285#F2204,51,41,93,0,480,10,1335
F285#F7982,51,40,92,0,480,10,1337
F285#F4281,54,91,146,0,480,10,1338
F285#F4332,51,37,89,0,480,10,1342
F285#F8144,55,93,150,0,480,10,1343
F285#F6961,49,36,86,0,480,10,1346
F285#F4480,52,35,87,0,480,10,1347
F285#F7299,48,32,81,0,480,10,1350
F285#F1313,46,35,82,0,480,10,1352
F285#F5970,46,33,80,0,480,10,1353
F285#F3372,47,31,79,0,480,10,1355
F285#F4403,49,32,83,0,480,10,1356
F285#F4292,44,34,79,0,480,10,1359
F285#F2832,47,34,81,0,480,10,1361
F285#F3327,47,33,80,0,480,10,1364
F285#F316,47,31,79,0,480,10,1365
F285#F4209,46,33,80,0,480,10,1366
F285#F3765,49,32,82,0,480,10,1370
F285#F4404,45,31,77,0,480,10,1371
F285#F7736,45,30,77,0,480,10,1375
F285#F884,46,33,80,0,480,10,1378
F285#F715,46,32,78,0,480,10,1385
F285#F4633,49,31,81,0,480,10,1386
F285#F2593,50,32,83,0,480,10,1388
F285#F258,45,32,78,0,480,10,1390
F285#F6417,46,32,78,0,480,10,1391
F285#F8337,49,31,81,0,480,10,1393
F285#F8286,48,32,80,0,480,10,1394
F285#F5451,46,29,76,0,480,10,1395
F285#F6404,48,34,83,0,480,10,1397
F285#F5937,47,29,77,0,480,10,1400
F285#F9260,43,85,129,0,480,10,1401
F285#F7200,45,33,79,0,480,10,1403
F285#F9558,43,32,76,0,480,10,1405
F285#F8516,42,30,73,0,480,10,1406
F285#F5890,40,31,72,0,480,10,1408
F285#F2681,41,31,73,0,480,10,1409
F285#F8959,41,29,72,0,480,10,1410
F285#F4509,43,29,73,0,480,10,1412
F285#F5852,47,30,78,0,480,10,1416
F285#F7410,43,30,74,0,480,10,1417
F285#F7685,44,29,74,0,480,10,1418
F285#F8594,52,29,83,0,480,10,1419
F285#F3484,44,31,76,0,480,10,1421
F285#F9418,45,30,76,0,480,10,1422
F285#F9594,42,30,73,0,480,10,1423
F285#F2834,43,30,75,0,480,10,1426
F285#F3483,47,28,76,0,480,10,1427
F285#F6735,91,31,122,0,480,10,1428
F285#F3837,43,31,75,0,480,10,1429
F285#F4855,42,31,74,0,480,10,1430
F285#F7114,42,30,73,0,480,10,1431
F285#F2527,43,29,73,0,480,10,1433
F285#F2493,42,29,72,0,480,10,1436
F285#F3431,43,35,80,0,480,10,1437
F285#F9454,46,29,77,0,480,10,1439
F285#F1836,44,30,74,0,480,10,1440
F285#F9400,44,32,78,0,480,10,1441
F285#F7538,50,31,82,0,480,10,1445
F285#F7194,89,33,123,0,480,10,1446
F285#F7936,47,32,79,0,480,10,1447
F285#F5415,47,31,79,0,480,10,1449
F285#F1370,48,34,83,0,480,10,1451
F285#F2611,46,34,81,0,480,10,1452
F285#F5697,45,31,77,0,480,10,1454
F285#F7367,45,30,76,0,480,10,1457
F285#F4363,44,41,86,0,480,10,1458
F285#F1251,43,32,77,0,480,10,1461
F285#F5519,47,30,78,0,480,10,1463
F285#F65,85,38,124,0,480,10,1464
F285#F4742,44,30,74,0,480,10,1465
F285#F3247,65,33,99,0,480,10,1466
F285#F4916,43,29,73,0,480,10,1467
F285#F4601,44,31,76,0,480,10,1472
F285#F1806,42,28,71,0,480,10,1473
F285#F511,45,33,78,0,480,10,1474
F285#F5785,45,85,131,0,480,10,1475
F285#F4390,45,33,78,0,480,10,1479
F285#F6440,43,83,127,0,480,10,1481
F285#F9051,49,30,79,0,480,10,1485
F285#F9679,46,32,79,0,480,10,1486
F285#F5949,44,33,78,0,480,10,1487
F285#F2076,44,28,74,0,480,10,1488
F285#F8949,48,29,78,0,480,10,1489
F285#F5216,45,29,76,0,480,10,1493
F285#F2692,41,29,72,0,480,10,1495
F285#F5625,48,31,80,0,480,10,1497
F285#F1220,46,29,76,0,480,10,1498
F285#F194,42,29,72,0,480,10,1499
F285#F1097,88,34,123,0,480,10,1502
F285#F1303,44,30,75,0,480,10,1503
F285#F4344,47,28,77,0,480,10,1505
F285#F6844,45,33,79,0,480,10,1507
F285#F6592,49,31,82,0,480,10,1509
F285#F7911,60,35,96,0,480,10,1511
F285#F9278,40,75,117,0,480,10,1512
F285#F7100,49,32,82,0,480,10,1515
F285#F5013,44,29,73,0,480,10,1516
F285#F1059,51,36,87,0,480,10,1517
F285#F444,44,31,77,0,480,10,1518
F285#F2262,48,31,79,0,480,10,1522
F285#F3220,45,45,91,0,480,10,1523
F285#F9215,49,32,82,0,480,10,1526
F285#F6789,49,34,85,0,480,10,1527
F285#F7649,46,28,76,0,480,10,1528
F285#F8696,45,31,76,0,480,10,1529
F285#F2710,49,29,79,0,480,10,1531
F285#F1715,44,30,74,0,480,10,1532
F285#F4268,45,31,77,0,480,10,1533
F285#F6931,40,30,72,0,480,10,1534
F285#F2078,43,33,77,0,480,10,1535
F285#F2607,45,31,77,0,480,10,1537
F285#F6499,49,32,82,0,480,10,1538
F285#F8406,44,31,76,0,480,10,1541
F285#F9237,52,31,84,0,480,10,1543
F285#F4081,41,29,71,0,480,10,1544
F285#F4112,43,32,76,0,480,10,1546
F285#F3868,54,33,88,0,480,10,1547
F285#F8033,47,33,81,0,480,10,1548
F285#F5360,45,35,81,0,480,10,1549
F285#F8601,50,35,87,0,480,10,1551
F285#F8968,49,32,81,0,480,10,1553
F285#F3313,49,31,82,0,480,10,1555
F285#F1721,48,34,83,0,480,10,1560
F285#F3666,45,77,123,0,480,10,1562
F285#F5101,47,35,83,0,480,10,1563
F285#F8761,49,33,83,0,480,10,1565
F285#F1711,47,34,81,0,480,10,1566
F285#F4083,47,34,82,0,480,10,1568
F285#F6348,47,34,82,0,480,10,1569
F285#F5845,47,33,80,0,480,10,1570
F285#F4890,47,84,131,0,480,10,1571
F285#F1704,49,36,86,0,480,10,1573
F285#F8532,47,37,85,0,480,10,1576
F285#F3799,48,35,84,0,480,10,1577
F285#F5325,48,34,83,0,480,10,1581
F285#F8241,48,33,82,0,480,10,1583
F285#F4456,46,31,79,0,480,10,1586
F285#F3944,51,35,87,0,480,10,1588
F285#F3440,53,35,89,0,480,10,1593
F285#F6532,46,31,78,0,480,10,1597
F285#F0,47,31,79,0,480,10,1599
F285#F2566,50,34,85,0,480,10,1600
F285#F5402,46,80,127,0,480,10,1603
F285#F7496,50,35,86,0,480,10,1604
F285#F237,45,32,78,0,480,10,1607
F285#F2592,49,33,83,0,480,10,1608
F285#F1469,47,33,82,0,480,10,1611
F285#F7833,49,35,85,0,480,10,1612
F285#F3510,48,35,84,0,480,10,1614
F285#F1896,48,37,86,0,480,10,1615
F285#F7231,51,37,89,0,480,10,1617
F285#F4197,47,40,88,0,480,10,1619
F285#F3159,49,40,90,0,480,10,1620
F285#F8213,49,37,87,0,480,10,1621
F285#F6638,47,35,84,0,480,10,1622
F285#F2577,52,85,138,0,480,10,1627
F285#F3673,44,38,83,0,480,10,1629
F285#F9070,46,32,78,0,480,10,1630
F285#F3091,54,32,87,0,480,10,1631
F285#F4985,49,33,83,0,480,10,1637
F285#F6391,45,82,128,0,480,10,1639
F285#F701,46,37,84,0,480,10,1642
F285#F148,49,33,83,0,480,10,1647
F285#F5408,49,34,84,0,480,10,1649
F285#F5529,45,34,80,0,480,10,1650
F285#F7121,47,30,77,0,480,10,1652
F285#F4964,47,30,79,0,480,10,1653
F285#F6925,44,31,76,0,480,10,1657
F285#F6267,51,32,84,0,480,10,1661
F285#F3461,46,32,78,0,480,10,1668
F285#F9081,48,39,89,0,480,10,1670
F285#F8937,45,32,78,0,480,10,1671
F285#F2014,50,32,83,0,480,10,1673
F285#F9405,45,37,83,0,480,10,1674
F285#F9612,45,31,78,0,480,10,1675
F285#F8659,46,31,78,0,480,10,1677
F285#F6220,45,31,77,0,480,10,1680
F285#F227,46,30,77,0,480,10,1681
F285#F4752,45,33,79,0,480,10,1689
F285#F9484,88,38,126,0,480,10,1690
F285#F8433,49,31,81,0,480,10,1692
F285#F3694,49,33,83,0,480,10,1693
F285#F4165,49,50,100,0,480,10,1696
F285#F9473,42,27,71,0,480,10,1698
F285#F3352,39,28,68,0,480,10,1699
F285#F801,42,33,75,0,480,10,1700
F285#F4195,43,36,79,0,480,10,1701
F285#F9590,46,83,129,0,480,10,1704
F285#F139,43,32,75,0,480,10,1707
F285#F9509,42,29,72,0,480,10,1711
F285#F2872,42,28,71,0,480,10,1718
F285#F3191,41,29,70,0,480,10,1720
F285#F151,42,28,70,0,480,10,1723
F285#F2067,38,30,69,0,480,10,1725
F285#F1308,39,28,68,0,480,10,1726
F285#F689,42,30,73,0,480,10,1728
F285#F5085,40,31,72,0,480,10,1730
F285#F8969,42,83,125,0,480,10,1732
F285#F9610,43,30,75,0,480,10,1735
F285#F1069,46,31,78,0,480,10,1738
F285#F1090,45,31,76,0,480,10,1744
F285#F7415,42,31,74,0,480,10,1749
F285#F9797,92,30,123,0,480,10,1753
F285#F5975,46,27,74,0,480,10,1754
F285#F651,41,27,69,0,480,10,1755
F285#F8333,43,30,74,0,480,10,1757
F285#F4671,42,32,75,0,480,10,1759
F285#F6811,47,83,131,0,480,10,1760
F285#F8456,37,37,75,0,480,10,1764
F285#F1680,51,32,84,0,480,10,1767
F285#F4129,44,33,78,0,480,10,1769
F285#F6949,40,34,75,0,480,10,1770
F285#F5021,40,35,76,0,480,10,1772
F285#F8072,44,32,77,0,480,10,1773
F285#F898,46,33,79,0,480,10,1775
F285#F7757,46,33,80,0,480,10,1778
F285#F2359,46,32,79,0,480,10,1779
F285#F76,41,31,73,0,480,10,1780
F285#F4994,47,36,84,0,480,10,1782
F285#F585,46,34,81,0,480,10,1786
F285#F4676,43,33,77,0,480,10,1788
F285#F8734,43,35,79,0,480,10,1795
F285#F2223,42,33,76,0,480,10,1796
F285#F5646,49,30,80,0,480,10,1799
F285#F8163,44,31,76,0,480,10,1802
F285#F289,43,33,77,0,480,10,1803
F285#F7819,47,35,82,0,480,10,1807
F285#F2461,42,33,76,0,480,10,1808
F285#F3516,40,34,75,0,480,10,1811
F285#F8549,42,34,77,0,480,10,1815
F285#F4134,40,31,72,0,480,10,1816
F285#F2555,42,32,75,0,480,10,1819
F285#F7841,43,30,74,0,480,10,1823
F285#F8710,43,32,76,0,480,10,1824
F285#F1456,42,33,76,0,480,10,1828
F285#F4051,44,32,78,0,480,10,1829
F285#F5290,42,30,73,0,480,10,1830
F285#F5142,42,33,76,0,480,10,1831
F285#F8353,43,30,74,0,480,10,1833
F285#F3989,44,29,73,0,480,10,1841
F285#F733,46,32,80,0,480,10,1842
F285#F1449,46,31,78,0,480,10,1843
F285#F4610,48,30,79,0,480,10,1844
F285#F2302,45,31,77,0,480,10,1854
F285#F7838,45,31,78,0,480,10,1856
F285#F6081,46,84,131,0,480,10,1861
F285#F4939,42,34,77,0,480,10,1862
F285#F3485,46,34,81,0,480,10,1869
F285#F1644,45,31,77,0,480,10,1874
F285#F2627,44,37,81,0,480,10,1876
F285#F112,46,35,82,0,480,10,1877
F285#F5459,47,35,83,0,480,10,1878
F285#F4856,41,30,72,0,480,10,1883
F285#F8392,41,29,71,0,480,10,1884
F285#F9730,46,31,78,0,480,10,1889
F285#F3651,42,32,75,0,480,10,1891
F285#F7727,89,33,123,0,480,10,1892
F285#F7139,39,32,72,0,480,10,1899
F285#F6751,41,32,74,0,480,10,1903
F285#F4575,41,83,125,0,480,10,1907
F285#F2615,45,37,82,0,480,10,1909
F285#F7963,45,31,77,0,480,10,1910
F285#F181,43,31,75,0,480,10,1919
F285#F5921,45,31,77,0,480,10,1926
F285#F5542,45,32,78,0,480,10,1928
F285#F2982,44,32,77,0,480,10,1932
F285#F8204,41,32,75,0,480,10,1933
F285#F2873,42,30,73,0,480,10,1934
F285#F6080,42,32,75,0,480,10,1935
F285#F6027,41,31,73,0,480,10,1936
F285#F1499,44,31,76,0,480,10,1942
F285#F3493,42,31,74,0,480,10,1945
F285#F5910,44,31,75,0,480,10,1946
F285#F1112,43,32,76,0,480,10,1949
F285#F2107,41,30,72,0,480,10,1950
F285#F9998,40,30,71,0,480,10,1951
F285#F8892,45,86,132,0,480,10,1953
F285#F9144,43,33,77,0,480,10,1957
F285#F7052,41,31,73,0,480,10,1958
F285#F2068,42,31,74,0,480,10,1966
F285#F7889,42,32,75,0,480,10,1970
F285#F5062,41,31,73,0,480,10,1973
F285#F1287,43,30,74,0,480,10,1980
F285#F7825,42,30,73,0,480,10,1984
F285#F8555,42,29,72,0,480,10,1985
F285#F1030,44,31,76,0,480,10,1994
F285#F5873,44,31,76,0,480,10,1996
F285#F4678,44,29,75,0,480,10,1997
F285#F69,43,32,76,0,480,10,1999
F285#F8506,41,32,74,0,480,10,2003
F285#F9116,41,31,73,0,480,10,2006
F285#F7183,40,30,71,0,480,10,2014
F285#F975,41,28,69,0,480,10,2030
F285#F6403,40,81,121,0,480,10,2031
F285#F7277,41,30,72,0,480,10,2033
F285#F5331,44,33,77,0,480,10,2043
F285#F4821,44,80,125,0,480,10,2044
F285#F4860,43,36,80,0,480,10,2048
F285#F4181,43,33,77,0,480,10,2049
F285#F7776,44,32,77,0,480,10,2053
F285#F8090,45,34,80,0,480,10,2054
F285#F6144,44,32,76,0,480,10,2055
F285#F7316,41,36,77,0,480,10,2058
F285#F7722,44,31,76,0,480,10,2061
F285#F8909,42,31,74,0,480,10,2062
F285#F240,45,33,79,0,480,10,2069
F285#F4910,45,35,81,0,480,10,2072
F285#F4093,44,30,75,0,480,10,2073
F285#F9775,45,31,77,0,480,10,2074
F285#F3706,46,34,81,0,480,10,2078
F285#F5527,44,32,77,0,480,10,2085
F285#F1727,44,32,77,0,480,10,2093
F285#F4978,45,29,75,0,480,10,2094
F285#F6281,41,32,74,0,480,10,2096
F285#F4880,43,30,74,0,480,10,2098
F285#F7413,43,31,74,0,480,10,2099
F285#F5072,42,31,74,0,480,10,2100
F285#F2385,41,31,73,0,480,10,2104
F285#F1986,40,31,71,0,480,10,2113
F285#F2987,48,52,101,0,480,10,2115
F285#F9899,40,30,71,0,480,10,2120
F285#F6865,41,31,73,0,480,10,2125
F285#F4499,40,30,71,0,480,10,2127
F285#F6977,41,31,72,0,480,10,2131
F285#F536,39,29,69,0,480,10,2135
F285#F9086,43,30,74,0,480,10,2138
F285#F4581,41,30,72,0,480,10,2140
F285#F3103,41,72,113,0,480,10,2144
F285#F9835,45,32,78,0,480,10,2146
F285#F1675,46,33,79,0,480,10,2148
F285#F5146,41,81,123,0,480,10,2149
F285#F8485,41,31,73,0,480,10,2150
F285#F7933,48,34,82,0,480,10,2153
F285#F4038,41,34,77,0,480,10,2154
F285#F6755,43,85,128,0,480,10,2156
F285#F4086,45,31,77,0,480,10,2157
F285#F2415,41,32,75,0,480,10,2161
F285#F827,41,32,73,0,480,10,2163
F285#F9043,45,29,75,0,480,10,2164
F285#F844,40,29,69,0,480,10,2165
F285#F8873,40,79,120,0,480,10,2172
F285#F6448,40,32,73,0,480,10,2174
F285#F3679,40,32,73,0,480,10,2186
F285#F2804,43,32,76,0,480,10,2188
F285#F2283,44,31,76,0,480,10,2189
F285#F6360,43,31,75,0,480,10,2193
F285#F4340,41,31,73,0,480,10,2196
F285#F2968,41,30,71,0,480,10,2206
F285#F1436,41,72,114,0,480,10,2207
F285#F999,42,32,74,0,480,10,2212
F285#F6557,43,33,77,0,480,10,2213
F285#F1092,40,29,70,0,480,10,2217
F285#F1261,43,30,74,0,480,10,2220
F285#F6513,44,31,76,0,480,10,2222
F285#F8807,47,29,77,0,480,10,2224
F285#F8301,42,31,74,0,480,10,2225
F285#F4066,41,42,84,0,480,10,2234
F285#F8078,46,37,84,0,480,10,2237
F285#F4145,39,35,75,0,480,10,2244
F285#F4732,45,32,77,0,480,10,2252
F285#F6157,43,34,77,0,480,10,2253
F285#F158,44,35,80,0,480,10,2257
F285#F3638,43,32,77,0,480,10,2263
F285#F7411,45,33,79,0,480,10,2265
F285#F6623,42,33,76,0,480,10,2268
F285#F9436,44,31,76,0,480,10,2270
F285#F8654,46,32,79,0,480,10,2279
F285#F3121,43,83,127,0,480,10,2285
F285#F2124,42,33,76,0,480,10,2287
F285#F5012,42,33,76,0,480,10,2289
F285#F568,43,81,125,0,480,10,2297
F285#F8069,87,74,162,0,480,10,2303
F285#F434,45,35,80,0,480,10,2305
F285#F2641,42,32,75,0,480,10,2308
F285#F7920,46,32,79,0,480,10,2311
F285#F9857,43,34,78,0,480,10,2324
F285#F4508,43,32,76,0,480,10,2325
F285#F1316,43,31,74,0,480,10,2331
F285#F6156,42,31,74,0,480,10,2336
F285#F1100,41,34,76,0,480,10,2343
F285#F3993,42,29,72,0,480,10,2349
F285#F3509,41,30,72,0,480,10,2364
F285#F424,39,33,72,0,480,10,2368
F285#F7393,42,35,78,0,480,10,2371
F285#F4388,43,32,76,0,480,10,2377
F285#F8837,43,33,77,0,480,10,2388
F285#F9629,43,30,74,0,480,10,2398
F285#F4408,44,29,74,0,480,10,2407
F285#F3790,43,29,73,0,480,10,2408
F285#F6915,43,30,74,0,480,10,2415
F285#F1136,40,30,72,0,480,10,2418
F285#F147,41,30,72,0,480,10,2423
F285#F1950,39,85,125,0,480,10,2425
F285#F9768,43,33,76,0,480,10,2431
F285#F8781,44,32,77,0,480,10,2435
F285#F2600,43,33,76,0,480,10,2437
F285#F3849,44,29,74,0,480,10,2453
F285#F7255,45,33,79,0,480,10,2459
F285#F947,51,34,86,0,480,10,2460
F285#F4067,46,34,81,0,480,10,2465
F285#F2184,44,30,76,0,480,10,2467
F285#F6171,45,32,79,0,480,10,2473
F285#F4118,48,28,77,0,480,10,2485
F285#F7291,45,30,76,0,480,10,2487
F285#F8502,42,32,74,0,480,10,2494
F285#F7867,45,30,76,0,480,10,2497
F285#F6299,43,31,75,0,480,10,2510
F285#F3591,43,31,75,0,480,10,2522
F285#F508,44,31,76,0,480,10,2523
F285#F6657,42,32,75,0,480,10,2574
F285#F8105,45,32,78,0,480,10,2579
F285#F417,48,33,82,0,480,10,2585
F285#F5867,49,35,84,0,480,10,2598
F285#F3658,47,34,82,0,480,10,2601
F285#F7990,47,31,79,0,480,10,2603
F285#F329,97,35,132,0,480,10,2608
F285#F3460,51,109,161,0,480,10,2610
F285#F4933,52,36,89,0,480,10,2616
F285#F5863,50,37,88,0,480,10,2618
F285#F2002,62,90,153,0,480,10,2621
F285#F9085,50,33,84,0,480,10,2626
F285#F4927,91,35,127,0,480,10,2638
F285#F5461,50,92,144,0,480,10,2640
F285#F2112,45,35,81,0,480,10,2648
F285#F4146,47,36,84,0,480,10,2654
F285#F922,50,34,85,0,480,10,2660
F285#F2545,54,32,87,0,480,10,2687
F285#F186,50,34,84,0,480,10,2692
F285#F7739,45,35,81,0,480,10,2695
F285#F8736,61,81,143,0,480,10,2700
F285#F6306,47,33,81,0,480,10,2702
F285#F2868,47,34,83,0,480,10,2718
F285#F9663,46,35,82,0,480,10,2727
F285#F6373,46,30,77,0,480,10,2734
F285#F9871,89,33,124,0,480,10,2742
F285#F8113,44,33,79,0,480,10,2745
F285#F7487,55,32,88,0,480,10,2749
F285#F8878,43,82,126,0,480,10,2752
F285#F7507,50,36,87,0,480,10,2753
F285#F1007,44,81,126,0,480,10,2758
F285#F6208,51,33,85,0,480,10,2766
F285#F7132,51,31,83,0,480,10,2768
F285#F3085,44,31,76,0,480,10,2770
F285#F1142,45,32,78,0,480,10,2774
F285#F8721,47,33,81,0,480,10,2777
F285#F2866,49,33,83,0,480,10,2787
F285#F8527,45,33,79,0,480,10,2794
F285#F6995,50,31,83,0,480,10,2811
F285#F6003,45,76,123,0,480,10,2815
F285#F8012,49,33,83,0,480,10,2830
F285#F2416,44,85,130,0,480,10,2838
F285#F114,44,37,82,0,480,10,2849
F285#F4760,47,35,83,0,480,10,2853
F285#F1437,47,34,81,0,480,10,2854
F285#F6834,44,33,78,0,480,10,2857
F285#F6058,44,31,75,0,480,10,2866
F285#F8951,44,30,75,0,480,10,2880
F285#F9449,45,32,79,0,480,10,2888
F285#F8320,40,31,72,0,480,10,2900
F285#F9915,43,31,75,0,480,10,2907
F285#F1468,41,31,72,0,480,10,2924
F285#F5162,40,31,72,0,480,10,2928
F285#F1795,43,34,78,0,480,10,2933
F285#F3348,41,30,72,0,480,10,2934
F285#F4962,42,32,76,0,480,10,2938
F285#F3108,43,30,74,0,480,10,2950
F285#F5671,41,83,125,0,480,10,2952
F285#F335,42,33,75,0,480,10,2953
F285#F9448,41,30,72,0,480,10,2959
F285#F2860,40,36,77,0,480,10,2961
F285#F4007,42,32,75,0,480,10,2967
F285#F9337,45,33,79,0,480,10,2969
F285#F8062,47,30,78,0,480,10,2983
F285#F7985,45,29,75,0,480,10,2984
F285#F5762,86,33,121,0,480,10,2992
F285#F8254,44,32,77,0,480,10,3035
F285#F9880,42,28,72,0,480,10,3060
F285#F5036,86,34,121,0,480,10,3067
F285#F5523,45,32,78,0,480,10,3080
F285#F5864,43,29,73,0,480,10,3090
F285#F5160,85,32,118,0,480,10,3091
F285#F994,41,32,74,0,480,10,3099
F285#F6310,41,32,74,0,480,10,3129
F285#F556,83,83,167,0,480,10,3149
F285#F7883,64,40,105,0,480,10,3156
F285#F4337,87,37,125,0,480,10,3186
F285#F2210,49,42,92,0,480,10,3191
F285#F4845,62,45,108,0,480,10,3203
F285#F7879,57,43,101,0,480,10,3214
F285#F4681,51,35,87,0,480,10,3223
F285#F2811,51,36,88,0,480,10,3230
F285#F3283,45,38,84,0,480,10,3232
F285#F3236,45,40,86,0,480,10,3233
F285#F5400,50,88,138,0,480,10,3250
F285#F2844,52,38,93,0,480,10,3268
F285#F3062,50,80,132,0,480,10,3279
F285#F5276,89,34,124,0,480,10,3292
F285#F3157,47,32,80,0,480,10,3306
F285#F4956,46,81,127,0,480,10,3341
F285#F5020,46,34,81,0,480,10,3342
F285#F8607,46,35,82,0,480,10,3391
F285#F6568,44,35,80,0,480,10,3410
F285#F2892,51,32,84,0,480,10,3411
F285#F7412,44,79,124,0,480,10,3454
F285#F7237,42,31,75,0,480,10,3478
F285#F7428,42,41,84,0,480,10,3480
F285#F8495,44,39,84,0,480,10,3501
F285#F6562,53,80,134,0,480,10,3505
F285#F9094,47,34,82,0,480,10,3548
F285#F9748,45,32,78,0,480,10,3567
F285#F5272,88,33,122,0,480,10,3585
F285#F1122,49,33,83,0,480,10,3649
F285#F1091,46,32,80,0,480,10,3662
F285#F6615,49,35,87,0,480,10,3690
F285#F4767,46,36,83,0,480,10,3701
F285#F7495,47,34,82,0,480,10,3739
F285#F1438,44,84,130,0,480,10,3746
F285#F5297,49,35,86,0,480,10,3750
F285#F9545,42,32,75,0,480,10,3753
F285#F9015,52,34,87,0,480,10,3871
F285#F9220,49,39,89,0,480,10,3889
F285#F8350,44,31,76,0,480,10,3911
F285#F192,48,35,84,0,480,10,3954
F285#F1823,51,79,131,0,480,10,3957
F285#F7498,47,34,82,0,480,10,3958
F285#F6722,47,32,80,0,480,10,3964
F285#F8125,52,32,85,0,480,10,3978
F285#F5137,50,31,82,0,480,10,3994
F285#F4414,43,87,131,0,480,10,4008
F285#F6731,46,37,84,0,480,10,4057
F285#F3737,83,33,117,0,480,10,4131
F285#F4383,46,34,81,0,480,10,4152
F285#F8566,49,31,82,0,480,10,4182
F285#F3223,46,32,79,0,480,10,4193
F285#F9872,51,38,90,0,480,10,4219
F285#F2454,48,40,89,0,480,10,4287
F285#F1027,48,92,141,0,480,10,4314
F285#F7577,49,40,90,0,480,10,4349
F285#F9172,44,37,82,0,480,10,4360
F285#F1601,47,81,128,0,480,10,4404
F285#F6775,53,86,140,0,480,10,4407
F285#F6907,47,34,82,0,480,10,4502
F285#F8295,49,45,95,0,480,10,4559
F285#F8805,47,33,81,0,480,10,4669
F285#F859,49,34,84,0,480,10,4737
F285#F5755,88,36,125,0,480,10,4816
F285#F5223,49,34,84,0,480,10,4949
F285#F8478,50,35,87,0,480,10,4967
F285#F4367,47,33,81,0,480,10,5123
F285#F1324,47,86,134,0,480,10,5211
F285#F2146,51,36,88,0,480,10,5220
F285#F756,46,84,131,0,480,10,5514
F285#F4844,45,82,128,0,480,10,5534
F285#F6180,46,36,83,0,480,10,5628
F285#F2823,45,37,83,0,480,10,5699
F285#F8305,44,37,82,0,480,10,5800
F285#F1440,46,37,84,0,480,10,5894
F285#F5372,47,93,142,0,480,10,5932
F285#F749,46,37,84,0,480,10,5952
F285#F8458,46,79,126,0,480,10,6046
F285#F4734,55,88,144,0,480,10,6057
F285#F6526,47,41,89,0,480,10,6174
F285#F9984,46,35,82,0,480,10,6216
F285#F6807,52,44,97,0,480,10,6286
F285#F4215,49,37,87,0,480,10,6350
F285#F8469,88,84,174,0,480,10,6356
F285#F3834,44,77,121,0,480,10,6377
F285#F6821,48,35,84,0,480,10,6724
F285#F6275,52,38,91,0,480,10,6895
F285#F2154,44,86,131,0,480,10,7343
F285#F4084,47,42,90,0,480,10,7752
F285#F7908,51,33,85,0,480,10,8234
F285#F7726,49,35,85,0,480,10,8405
F285#F2683,47,35,83,0,480,10,8451
F285#F2143,47,33,81,0,480,10,8574
F285#F8476,47,34,82,0,480,10,8992
F285#F8109,90,41,132,0,480,10,9738
