keyword,clientTime,serverTime,totalTime,resultLength,payloadSize,w1,w2
F6542#F8109,121,33,157,0,48,1,9738
F8396#F8109,144,46,192,0,96,2,9738
F8975#F8109,130,41,173,0,144,3,9738
F5981#F8109,111,89,202,0,192,4,9738
F7550#F8109,103,69,173,0,240,5,9738
F1014#F8109,83,93,177,0,288,6,9738
F6976#F8109,95,83,180,0,336,7,9738
F8581#F8109,71,45,118,0,384,8,9738
F4784#F8109,190,96,288,0,432,9,9738
F285#F8109,76,53,130,0,480,10,9738
F9078#F8109,88,90,180,0,528,11,9738
F931#F8109,98,54,153,0,576,12,9738
F9327#F8109,156,49,207,0,624,13,9738
F9803#F8109,75,67,143,0,672,14,9738
F8361#F8109,100,53,154,0,720,15,9738
F6479#F8109,83,66,151,0,768,16,9738
F9786#F8109,108,53,162,0,816,17,9738
F1812#F8109,99,58,158,0,864,18,9738
F1453#F8109,91,101,194,0,912,19,9738
F5044#F8109,107,66,174,0,960,20,9738
F7699#F8109,100,76,178,0,1008,21,9738
F4127#F8109,82,62,146,0,1056,22,9738
F4989#F8109,96,70,168,0,1104,23,9738
F2777#F8109,121,64,186,0,1152,24,9738
F35#F8109,103,91,195,0,1200,25,9738
F5631#F8109,105,115,221,0,1248,26,9738
F6021#F8109,119,77,198,0,1296,27,9738
F5385#F8109,110,73,184,0,1344,28,9738
F215#F8109,116,70,187,0,1392,29,9738
F5570#F8109,102,66,169,0,1440,30,9738
F6094#F8109,118,90,210,0,1488,31,9738
F3769#F8109,110,70,181,0,1536,32,9738
F5287#F8109,145,83,229,0,1584,33,9738
F5424#F8109,135,79,215,0,1632,34,9738
F3964#F8109,124,123,249,0,1680,35,9738
F1813#F8109,133,87,221,0,1728,36,9738
F7267#F8109,114,120,236,0,1776,37,9738
F5517#F8109,123,124,248,0,1824,38,9738
F9774#F8109,152,76,229,0,1872,39,9738
F8700#F8109,129,84,214,0,1920,40,9738
F3987#F8109,127,128,256,0,1968,41,9738
F9914#F8109,128,127,256,0,2016,42,9738
F9286#F8109,137,81,220,0,2064,43,9738
F5382#F8109,158,91,250,0,2112,44,9738
F6186#F8109,141,86,228,0,2160,45,9738
F5597#F8109,136,100,238,0,2208,46,9738
F3875#F8109,149,85,236,0,2256,47,9738
F5577#F8109,146,158,305,0,2304,48,9738
F3105#F8109,148,135,284,0,2352,49,9738
F6035#F8109,157,134,293,0,2400,50,9738
F2790#F8109,158,90,249,0,2448,51,9738
F5436#F8109,150,80,232,0,2496,52,9738
F3901#F8109,179,142,322,0,2544,53,9738
F2506#F8109,176,92,269,0,2592,54,9738
F3919#F8109,165,140,307,0,2640,55,9738
F8132#F8109,151,137,289,0,2688,56,9738
F9882#F8109,160,96,258,0,2736,57,9738
F748#F8109,171,99,271,0,2784,58,9738
F7607#F8109,199,100,300,0,2832,59,9738
F1268#F8109,162,145,308,0,2880,60,9738
F1717#F8109,165,100,266,0,2928,61,9738
F6082#F8109,191,102,295,0,2976,62,9738
F2782#F8109,194,96,291,0,3024,63,9738
F780#F8109,194,107,303,0,3072,64,9738
F3905#F8109,193,112,306,0,3120,65,9738
F1880#F8109,209,110,320,0,3168,66,9738
F7721#F8109,182,106,290,0,3216,67,9738
F6747#F8109,193,151,346,0,3264,68,9738
F1761#F8109,179,113,293,0,3312,69,9738
F3795#F8109,199,102,302,0,3360,70,9738
F3911#F8109,197,97,296,0,3408,71,9738
F1165#F8109,205,152,358,0,3456,72,9738
F460#F8109,198,105,305,0,3504,73,9738
F1760#F8109,205,151,357,0,3552,74,9738
F2687#F8109,215,155,372,0,3600,75,9738
F3566#F8109,211,103,316,0,3648,76,9738
F8692#F8109,194,101,296,0,3696,77,9738
F2393#F8109,217,115,334,0,3744,78,9738
F1877#F8109,235,114,351,0,3792,79,9738
F6179#F8109,216,135,352,0,3840,80,9738
F3893#F8109,219,166,387,0,3888,81,9738
F6377#F8109,219,118,339,0,3936,82,9738
F4550#F8109,219,108,328,0,3984,83,9738
F3853#F8109,220,114,336,0,4032,84,9738
F7737#F8109,216,163,380,0,4080,85,9738
F4864#F8109,246,172,420,0,4128,86,9738
F6884#F8109,236,128,366,0,4176,87,9738
F9242#F8109,242,173,417,0,4224,88,9738
F3988#F8109,246,180,428,0,4272,89,9738
F1554#F8109,242,166,409,0,4320,90,9738
F3147#F8109,238,119,358,0,4368,91,9738
F5025#F8109,230,116,347,0,4416,92,9738
F8445#F8109,232,121,355,0,4464,93,9738
F5058#F8109,250,170,422,0,4512,94,9738
F3282#F8109,266,123,390,0,4560,95,9738
F3207#F8109,242,120,363,0,4608,96,9738
F1222#F8109,253,118,373,0,4656,97,9738
F7001#F8109,267,165,433,0,4704,98,9738
F5141#F8109,264,121,386,0,4752,99,9738
F2367#F8109,256,123,380,0,4800,100,9738
F1417#F8109,270,171,442,0,4848,101,9738
F1143#F8109,271,170,442,0,4896,102,9738
F2472#F8109,271,118,391,0,4944,103,9738
F2721#F8109,278,125,404,0,4992,104,9738
F7660#F8109,263,124,388,0,5040,105,9738
F5807#F8109,273,188,463,0,5088,106,9738
F1181#F8109,267,131,400,0,5136,107,9738
F4828#F8109,266,124,391,0,5184,108,9738
F4793#F8109,290,130,422,0,5232,109,9738
F1558#F8109,256,170,428,0,5280,110,9738
F9771#F8109,269,148,419,0,5328,111,9738
F463#F8109,298,145,444,0,5376,112,9738
F8942#F8109,276,127,405,0,5424,113,9738
F3448#F8109,289,186,476,0,5472,114,9738
F2465#F8109,284,136,421,0,5520,115,9738
F3403#F8109,281,131,414,0,5568,116,9738
F6049#F8109,282,132,416,0,5616,117,9738
F7354#F8109,288,132,421,0,5664,118,9738
F1129#F8109,303,130,435,0,5712,119,9738
F1177#F8109,296,138,436,0,5760,120,9738
F2339#F8109,294,138,434,0,5808,121,9738
F1373#F8109,310,145,456,0,5856,122,9738
F1618#F8109,301,139,441,0,5904,123,9738
F2329#F8109,296,139,437,0,5952,124,9738
F1089#F8109,306,150,459,0,6000,125,9738
F1749#F8109,304,146,452,0,6048,126,9738
F638#F8109,327,144,473,0,6096,127,9738
F1582#F8109,315,138,455,0,6144,128,9738
F2212#F8109,320,146,467,0,6192,129,9738
F529#F8109,320,147,468,0,6240,130,9738
F3949#F8109,313,146,461,0,6288,131,9738
F4626#F8109,357,150,509,0,6336,132,9738
F2543#F8109,324,154,480,0,6384,133,9738
F2348#F8109,315,189,506,0,6432,134,9738
F3970#F8109,323,157,482,0,6480,135,9738
F2384#F8109,334,153,488,0,6528,136,9738
F9796#F8109,323,200,525,0,6576,137,9738
F4372#F8109,331,199,532,0,6624,138,9738
F1191#F8109,340,160,502,0,6672,139,9738
F3323#F8109,351,230,583,0,6720,140,9738
F2005#F8109,358,230,590,0,6768,141,9738
F1626#F8109,343,156,500,0,6816,142,9738
F2459#F8109,389,194,584,0,6864,143,9738
F1599#F8109,362,234,597,0,6912,144,9738
F1182#F8109,339,165,506,0,6960,145,9738
F1231#F8109,342,164,508,0,7008,146,9738
F2274#F8109,355,184,540,0,7056,147,9738
F5701#F8109,371,183,556,0,7104,148,9738
F2908#F8109,345,181,528,0,7152,149,9738
F1673#F8109,378,176,555,0,7200,150,9738
F9342#F8109,343,160,504,0,7248,151,9738
F512#F8109,327,175,504,0,7296,152,9738
F5535#F8109,359,172,533,0,7344,153,9738
F5691#F8109,421,198,621,0,7392,154,9738
F3924#F8109,376,223,601,0,7440,155,9738
F5831#F8109,375,222,598,0,7488,156,9738
F1198#F8109,354,222,577,0,7536,157,9738
F9536#F8109,368,216,585,0,7584,158,9738
F3336#F8109,354,173,528,0,7632,159,9738
F1946#F8109,369,169,540,0,7680,160,9738
F1411#F8109,363,198,563,0,7728,161,9738
F7497#F8109,370,173,544,0,7776,162,9738
F5987#F8109,366,167,534,0,7824,163,9738
F1147#F8109,360,166,527,0,7872,164,9738
F7704#F8109,397,173,572,0,7920,165,9738
F9280#F8109,372,173,547,0,7968,166,9738
F1756#F8109,368,216,586,0,8016,167,9738
F4411#F8109,372,184,558,0,8064,168,9738
F6029#F8109,375,171,548,0,8112,169,9738
F7824#F8109,382,183,571,0,8160,170,9738
F63#F8109,389,224,615,0,8208,171,9738
F2733#F8109,400,178,579,0,8256,172,9738
F2378#F8109,393,218,612,0,8304,173,9738
F428#F8109,407,229,638,0,8352,174,9738
F6660#F8109,400,182,584,0,8400,175,9738
F7439#F8109,403,184,589,0,8448,176,9738
F8715#F8109,397,180,579,0,8496,177,9738
F3714#F8109,410,220,631,0,8544,178,9738
F2833#F8109,413,233,649,0,8592,179,9738
F5747#F8109,410,232,645,0,8640,180,9738
F2914#F8109,393,194,588,0,8688,181,9738
F4159#F8109,436,195,634,0,8736,182,9738
F7590#F8109,437,195,633,0,8784,183,9738
F2879#F8109,460,206,668,0,8832,184,9738
F1183#F8109,424,229,654,0,8880,185,9738
F478#F8109,400,262,663,0,8928,186,9738
F2366#F8109,416,215,632,0,8976,187,9738
F8562#F8109,480,199,681,0,9024,188,9738
F7117#F8109,435,211,648,0,9072,189,9738
F1777#F8109,431,220,653,0,9120,190,9738
F5766#F8109,454,230,686,0,9168,191,9738
F1346#F8109,469,218,689,0,9216,192,9738
F2021#F8109,444,212,658,0,9264,193,9738
F3589#F8109,469,220,691,0,9312,194,9738
F7184#F8109,492,232,727,0,9360,195,9738
F8748#F8109,533,231,766,0,9408,196,9738
F1899#F8109,570,252,824,0,9456,197,9738
F5214#F8109,453,208,663,0,9504,198,9738
F5742#F8109,485,197,684,0,9552,199,9738
F7202#F8109,460,215,677,0,9600,200,9738
F8073#F8109,449,265,717,0,9648,201,9738
F3916#F8109,455,219,676,0,9696,202,9738
F3668#F8109,456,217,676,0,9744,203,9738
F1062#F8109,465,216,682,0,9792,204,9738
F2756#F8109,475,217,694,0,9840,205,9738
F8641#F8109,453,213,667,0,9888,206,9738
F2444#F8109,467,234,702,0,9936,207,9738
F4597#F8109,464,225,690,0,9984,208,9738
F6679#F8109,464,225,691,0,10032,209,9738
F4759#F8109,511,220,734,0,10080,210,9738
F484#F8109,488,259,749,0,10128,211,9738
F8675#F8109,471,219,692,0,10176,212,9738
F9248#F8109,501,221,724,0,10224,213,9738
F1253#F8109,485,262,748,0,10272,214,9738
F2695#F8109,476,229,707,0,10320,215,9738
F7698#F8109,492,241,735,0,10368,216,9738
F8912#F8109,568,286,856,0,10416,217,9738
F3931#F8109,590,249,840,0,10464,218,9738
F1314#F8109,572,253,827,0,10512,219,9738
F9918#F8109,532,284,818,0,10560,220,9738
F325#F8109,518,286,805,0,10608,221,9738
F6375#F8109,560,316,877,0,10656,222,9738
F6123#F8109,707,291,1000,0,10704,223,9738
F1446#F8109,694,305,1000,0,10752,224,9738
F6904#F8109,577,238,817,0,10800,225,9738
F1990#F8109,589,274,865,0,10848,226,9738
F4757#F8109,526,285,813,0,10896,227,9738
F4730#F8109,546,234,782,0,10944,228,9738
F204#F8109,613,290,904,0,10992,229,9738
F6054#F8109,596,290,888,0,11040,230,9738
F1684#F8109,600,246,848,0,11088,231,9738
F7419#F8109,618,241,860,0,11136,232,9738
F1735#F8109,597,213,814,0,11184,233,9738
F1614#F8109,628,221,851,0,11232,234,9738
F5066#F8109,581,221,804,0,11280,235,9738
F6752#F8109,593,223,818,0,11328,236,9738
F1549#F8109,590,221,814,0,11376,237,9738
F5727#F8109,580,265,847,0,11424,238,9738
F8592#F8109,539,248,789,0,11472,239,9738
F2714#F8109,530,274,805,0,11520,240,9738
F4#F8109,539,257,798,0,11568,241,9738
F5321#F8109,558,219,779,0,11616,242,9738
F9357#F8109,585,269,856,0,11664,243,9738
F2489#F8109,547,219,768,0,11712,244,9738
F7155#F8109,622,223,848,0,11760,245,9738
F4227#F8109,609,240,851,0,11808,246,9738
F9516#F8109,606,274,882,0,11856,247,9738
F2318#F8109,561,296,859,0,11904,248,9738
F3564#F8109,611,323,936,0,11952,249,9738
F1615#F8109,619,291,912,0,12000,250,9738
F497#F8109,617,254,873,0,12048,251,9738
F1862#F8109,650,233,886,0,12096,252,9738
F2409#F8109,647,242,891,0,12144,253,9738
F9332#F8109,631,279,913,0,12192,254,9738
F2891#F8109,588,282,872,0,12240,255,9738
F2585#F8109,574,245,821,0,12288,256,9738
F4563#F8109,608,298,908,0,12336,257,9738
F8199#F8109,629,243,875,0,12384,258,9738
F9519#F8109,626,292,920,0,12432,259,9738
F2420#F8109,639,244,885,0,12480,260,9738
F5071#F8109,633,290,924,0,12528,261,9738
F1927#F8109,587,249,838,0,12576,262,9738
F3066#F8109,584,245,831,0,12624,263,9738
F1009#F8109,574,257,833,0,12672,264,9738
F4312#F8109,570,244,816,0,12720,265,9738
F6569#F8109,601,263,867,0,12768,266,9738
F3858#F8109,613,292,907,0,12816,267,9738
F3707#F8109,583,245,831,0,12864,268,9738
F2011#F8109,591,334,927,0,12912,269,9738
F2015#F8109,677,250,928,0,12960,270,9738
F4549#F8109,643,249,895,0,13008,271,9738
F620#F8109,651,297,951,0,13056,272,9738
F4552#F8109,642,261,904,0,13104,273,9738
F5556#F8109,650,297,950,0,13152,274,9738
F8817#F8109,619,275,895,0,13200,275,9738
F9123#F8109,670,249,921,0,13248,276,9738
F1400#F8109,662,262,926,0,13296,277,9738
F4750#F8109,685,278,964,0,13344,278,9738
F5920#F8109,656,265,924,0,13392,279,9738
F2949#F8109,645,253,899,0,13440,280,9738
F2901#F8109,635,262,899,0,13488,281,9738
F4194#F8109,657,313,972,0,13536,282,9738
F5165#F8109,666,318,986,0,13584,283,9738
F4672#F8109,692,271,966,0,13632,284,9738
F6727#F8109,647,274,922,0,13680,285,9738
F8952#F8109,706,268,977,0,13728,286,9738
F1116#F8109,674,269,945,0,13776,287,9738
F5590#F8109,679,271,951,0,13824,288,9738
F1671#F8109,701,274,978,0,13872,289,9738
F2004#F8109,690,302,994,0,13920,290,9738
F6293#F8109,691,269,962,0,13968,291,9738
F4313#F8109,674,270,946,0,14016,292,9738
F5837#F8109,691,263,956,0,14064,293,9738
F9317#F8109,674,272,948,0,14112,294,9738
F2357#F8109,698,279,980,0,14160,295,9738
F2829#F8109,697,280,979,0,14208,296,9738
F3588#F8109,645,341,989,0,14256,297,9738
F9644#F8109,836,270,1108,0,14304,298,9738
F9989#F8109,636,271,910,0,14352,299,9738
F5083#F8109,668,260,930,0,14400,300,9738
F3749#F8109,748,350,1100,0,14448,301,9738
F3655#F8109,701,282,985,0,14496,302,9738
F2070#F8109,656,274,932,0,14544,303,9738
F1894#F8109,737,302,1042,0,14592,304,9738
F4894#F8109,682,303,986,0,14640,305,9738
F7341#F8109,674,343,1020,0,14688,306,9738
F1797#F8109,670,281,954,0,14736,307,9738
F4826#F8109,688,265,955,0,14784,308,9738
F4418#F8109,711,289,1001,0,14832,309,9738
F78#F8109,716,294,1012,0,14880,310,9738
F6496#F8109,712,303,1018,0,14928,311,9738
F2114#F8109,772,325,1100,0,14976,312,9738
F1404#F8109,704,297,1003,0,15024,313,9738
F6523#F8109,717,311,1031,0,15072,314,9738
F2655#F8109,713,297,1012,0,15120,315,9738
F2998#F8109,762,345,1109,0,15168,316,9738
F3513#F8109,769,322,1094,0,15216,317,9738
F5403#F8109,717,283,1002,0,15264,318,9738
F5595#F8109,717,281,1001,0,15312,319,9738
F373#F8109,779,328,1110,0,15360,320,9738
F1337#F8109,752,284,1039,0,15408,321,9738
F678#F8109,740,289,1031,0,15456,322,9738
F3254#F8109,733,284,1019,0,15504,323,9738
F7297#F8109,710,293,1005,0,15552,324,9738
F1957#F8109,735,284,1021,0,15600,325,9738
F5846#F8109,739,331,1072,0,15648,326,9738
F6086#F8109,734,355,1090,0,15696,327,9738
F5311#F8109,740,310,1052,0,15744,328,9738
F9793#F8109,746,292,1040,0,15792,329,9738
F5688#F8109,780,291,1073,0,15840,330,9738
F2149#F8109,762,296,1061,0,15888,331,9738
F3442#F8109,753,291,1046,0,15936,332,9738
F2211#F8109,746,298,1046,0,15984,333,9738
F1391#F8109,755,295,1052,0,16032,334,9738
F6497#F8109,762,344,1108,0,16080,335,9738
F540#F8109,761,297,1060,0,16128,336,9738
F2535#F8109,771,294,1068,0,16176,337,9738
F5750#F8109,784,297,1083,0,16224,338,9738
F262#F8109,775,293,1070,0,16272,339,9738
F8567#F8109,752,299,1052,0,16320,340,9738
F6819#F8109,754,307,1063,0,16368,341,9738
F1513#F8109,764,330,1096,0,16416,342,9738
F8003#F8109,815,388,1205,0,16464,343,9738
F2874#F8109,770,354,1126,0,16512,344,9738
F6517#F8109,785,318,1104,0,16560,345,9738
F2745#F8109,773,337,1112,0,16608,346,9738
F8156#F8109,789,875,1666,0,16656,347,9738
F1963#F8109,809,337,1149,0,16704,348,9738
F517#F8109,759,333,1094,0,16752,349,9738
F4199#F8109,776,359,1137,0,16800,350,9738
F2219#F8109,797,312,1111,0,16848,351,9738
F365#F8109,781,312,1095,0,16896,352,9738
F4512#F8109,778,324,1105,0,16944,353,9738
F8530#F8109,792,307,1101,0,16992,354,9738
F9813#F8109,841,309,1153,0,17040,355,9738
F7500#F8109,794,304,1101,0,17088,356,9738
F6338#F8109,830,310,1142,0,17136,357,9738
F4924#F8109,739,313,1054,0,17184,358,9738
F8430#F8109,758,320,1080,0,17232,359,9738
F2007#F8109,773,358,1133,0,17280,360,9738
F2355#F8109,795,317,1114,0,17328,361,9738
F3840#F8109,795,360,1158,0,17376,362,9738
F9335#F8109,803,315,1121,0,17424,363,9738
F6170#F8109,801,354,1157,0,17472,364,9738
F6701#F8109,772,313,1087,0,17520,365,9738
F6641#F8109,816,322,1140,0,17568,366,9738
F5813#F8109,795,320,1118,0,17616,367,9738
F3324#F8109,810,375,1187,0,17664,368,9738
F4465#F8109,765,344,1111,0,17712,369,9738
F2387#F8109,804,340,1149,0,17760,370,9738
F1846#F8109,817,346,1165,0,17808,371,9738
F3382#F8109,824,379,1205,0,17856,372,9738
F622#F8109,862,434,1298,0,17904,373,9738
F1980#F8109,832,321,1156,0,17952,374,9738
F2966#F8109,830,402,1234,0,18000,375,9738
F7272#F8109,827,381,1211,0,18048,376,9738
F6329#F8109,873,344,1219,0,18096,377,9738
F5376#F8109,825,386,1216,0,18144,378,9738
F8205#F8109,828,366,1197,0,18192,379,9738
F3126#F8109,853,360,1215,0,18240,380,9738
F6429#F8109,853,343,1198,0,18288,381,9738
F2337#F8109,868,352,1222,0,18336,382,9738
F430#F8109,868,335,1206,0,18384,383,9738
F8044#F8109,888,331,1223,0,18432,384,9738
F9219#F8109,900,351,1253,0,18480,385,9738
F1362#F8109,908,345,1255,0,18528,386,9738
F2117#F8109,896,344,1244,0,18576,387,9738
F8519#F8109,848,372,1222,0,18624,388,9738
F5821#F8109,899,393,1294,0,18672,389,9738
F628#F8109,856,378,1236,0,18720,390,9738
F4254#F8109,844,396,1243,0,18768,391,9738
F680#F8109,849,343,1195,0,18816,392,9738
F6383#F8109,859,351,1212,0,18864,393,9738
F647#F8109,848,381,1232,0,18912,394,9738
F3627#F8109,839,325,1166,0,18960,395,9738
F6599#F8109,904,349,1256,0,19008,396,9738
F764#F8109,877,339,1218,0,19056,397,9738
F5428#F8109,864,334,1202,0,19104,398,9738
F1924#F8109,864,344,1210,0,19152,399,9738
F9745#F8109,816,381,1201,0,19200,400,9738
F6422#F8109,859,341,1202,0,19248,401,9738
F1526#F8109,833,350,1185,0,19296,402,9738
F3153#F8109,892,351,1245,0,19344,403,9738
F6240#F8109,892,370,1264,0,19392,404,9738
F7611#F8109,902,361,1265,0,19440,405,9738
F1859#F8109,895,346,1243,0,19488,406,9738
F4984#F8109,908,424,1334,0,19536,407,9738
F1539#F8109,907,395,1304,0,19584,408,9738
F1744#F8109,863,369,1235,0,19632,409,9738
F3471#F8109,931,404,1336,0,19680,410,9738
F3435#F8109,897,475,1374,0,19728,411,9738
F4542#F8109,894,488,1384,0,19776,412,9738
F7262#F8109,918,406,1327,0,19824,413,9738
F7779#F8109,930,400,1332,0,19872,414,9738
F462#F8109,891,357,1251,0,19920,415,9738
F7749#F8109,928,364,1294,0,19968,416,9738
F7009#F8109,933,366,1301,0,20016,417,9738
F2424#F8109,888,401,1292,0,20064,418,9738
F498#F8109,890,362,1254,0,20112,419,9738
F6689#F8109,894,404,1300,0,20160,420,9738
F3405#F8109,891,365,1258,0,20208,421,9738
F2956#F8109,896,354,1252,0,20256,422,9738
F2959#F8109,909,356,1268,0,20304,423,9738
F2406#F8109,888,411,1301,0,20352,424,9738
F7157#F8109,942,439,1383,0,20400,425,9738
F390#F8109,970,379,1352,0,20448,426,9738
F2630#F8109,917,395,1314,0,20496,427,9738
F1801#F8109,951,414,1368,0,20544,428,9738
F5708#F8109,1035,467,1504,0,20592,429,9738
F7166#F8109,909,370,1282,0,20640,430,9738
F1508#F8109,934,447,1383,0,20688,431,9738
F6970#F8109,954,404,1361,0,20736,432,9738
F8881#F8109,988,372,1363,0,20784,433,9738
F3612#F8109,971,391,1364,0,20832,434,9738
F8651#F8109,1008,416,1426,0,20880,435,9738
F5047#F8109,984,378,1364,0,20928,436,9738
F8750#F8109,967,405,1374,0,20976,437,9738
F3093#F8109,945,373,1320,0,21024,438,9738
F7848#F8109,906,373,1282,0,21072,439,9738
F3560#F8109,922,400,1326,0,21120,440,9738
F2544#F8109,950,383,1336,0,21168,441,9738
F3096#F8109,981,418,1401,0,21216,442,9738
F7397#F8109,899,425,1327,0,21264,443,9738
F5113#F8109,963,380,1346,0,21312,444,9738
F6385#F8109,948,578,1528,0,21360,445,9738
F4382#F8109,979,428,1408,0,21408,446,9738
F2400#F8109,972,407,1382,0,21456,447,9738
F440#F8109,998,385,1385,0,21504,448,9738
F5056#F8109,974,406,1383,0,21552,449,9738
F6960#F8109,989,431,1422,0,21600,450,9738
F6942#F8109,1014,424,1441,0,21648,451,9738
F3616#F8109,974,379,1355,0,21696,452,9738
F8927#F8109,991,377,1371,0,21744,453,9738
F5150#F8109,1009,384,1396,0,21792,454,9738
F2513#F8109,996,431,1430,0,21840,455,9738
F5000#F8109,974,416,1393,0,21888,456,9738
F5086#F8109,1022,395,1421,0,21936,457,9738
F260#F8109,963,381,1347,0,21984,458,9738
F1890#F8109,1001,386,1391,0,22032,459,9738
F8198#F8109,1015,431,1449,0,22080,460,9738
F3212#F8109,1003,390,1397,0,22128,461,9738
F3653#F8109,1021,384,1408,0,22176,462,9738
F1536#F8109,1058,394,1454,0,22224,463,9738
F3728#F8109,1050,394,1447,0,22272,464,9738
F2169#F8109,1026,393,1422,0,22320,465,9738
F4059#F8109,979,435,1416,0,22368,466,9738
F1585#F8109,1004,410,1416,0,22416,467,9738
F5217#F8109,1047,438,1488,0,22464,468,9738
F5358#F8109,1054,490,1546,0,22512,469,9738
F9390#F8109,1015,471,1489,0,22560,470,9738
F1013#F8109,1077,412,1491,0,22608,471,9738
F8426#F8109,1022,397,1421,0,22656,472,9738
F6009#F8109,997,394,1393,0,22704,473,9738
F439#F8109,1038,403,1443,0,22752,474,9738
F6861#F8109,1002,398,1401,0,22800,475,9738
F2821#F8109,1038,411,1451,0,22848,476,9738
F5717#F8109,1034,402,1438,0,22896,477,9738
F6430#F8109,1091,453,1547,0,22944,478,9738
F3088#F8109,1086,405,1495,0,22992,479,9738
F8493#F8109,1020,449,1472,0,23040,480,9738
F730#F8109,1008,410,1420,0,23088,481,9738
F1698#F8109,1020,409,1435,0,23136,482,9738
F7384#F8109,1024,406,1432,0,23184,483,9738
F3233#F8109,1032,424,1458,0,23232,484,9738
F1037#F8109,1035,430,1468,0,23280,485,9738
F5896#F8109,1028,408,1439,0,23328,486,9738
F967#F8109,1026,470,1498,0,23376,487,9738
F8611#F8109,1008,401,1412,0,23424,488,9738
F1889#F8109,1052,404,1458,0,23472,489,9738
F2736#F8109,1036,466,1504,0,23520,490,9738
F2605#F8109,1075,409,1486,0,23568,491,9738
F9901#F8109,1061,410,1473,0,23616,492,9738
F2955#F8109,1023,404,1431,0,23664,493,9738
F4688#F8109,1046,410,1459,0,23712,494,9738
F2662#F8109,1003,459,1464,0,23760,495,9738
F2924#F8109,1016,424,1442,0,23808,496,9738
F4656#F8109,1083,421,1507,0,23856,497,9738
F5690#F8109,1074,421,1499,0,23904,498,9738
F2887#F8109,1090,443,1536,0,23952,499,9738
F3497#F8109,1068,452,1529,0,24000,500,9738
F5545#F8109,1060,442,1505,0,24048,501,9738
F626#F8109,1063,416,1482,0,24096,502,9738
F3892#F8109,1089,416,1507,0,24144,503,9738
F1710#F8109,1114,420,1537,0,24192,504,9738
F4218#F8109,1097,418,1518,0,24240,505,9738
F3994#F8109,1072,441,1516,0,24288,506,9738
F5170#F8109,1131,439,1572,0,24336,507,9738
F4744#F8109,1089,503,1594,0,24384,508,9738
F7872#F8109,1085,453,1540,0,24432,509,9738
F328#F8109,1092,471,1566,0,24480,510,9738
F4156#F8109,1102,484,1590,0,24528,511,9738
F2371#F8109,1111,417,1530,0,24576,512,9738
F2105#F8109,1075,428,1505,0,24624,513,9738
F5197#F8109,1125,423,1551,0,24672,514,9738
F1252#F8109,1101,441,1548,0,24720,515,9738
F982#F8109,1106,476,1584,0,24768,516,9738
F8269#F8109,1102,464,1569,0,24816,517,9738
F2441#F8109,1141,581,1724,0,24864,518,9738
F5716#F8109,1146,505,1654,0,24912,519,9738
F4399#F8109,1106,443,1552,0,24960,520,9738
F5770#F8109,1133,430,1565,0,25008,521,9738
F7256#F8109,1148,466,1617,0,25056,522,9738
F5637#F8109,1124,470,1596,0,25104,523,9738
F2471#F8109,1228,427,1658,0,25152,524,9738
F5200#F8109,1109,434,1546,0,25200,525,9738
F8798#F8109,1108,479,1591,0,25248,526,9738
F3012#F8109,1090,480,1573,0,25296,527,9738
F2979#F8109,1073,437,1513,0,25344,528,9738
F9640#F8109,1089,468,1560,0,25392,529,9738
F6455#F8109,1086,509,1598,0,25440,530,9738
F9706#F8109,1115,502,1620,0,25488,531,9738
F7324#F8109,1110,437,1550,0,25536,532,9738
F8219#F8109,1133,549,1684,0,25584,533,9738
F5367#F8109,1060,497,1560,0,25632,534,9738
F1608#F8109,1097,489,1588,0,25680,535,9738
F2016#F8109,1116,561,1679,0,25728,536,9738
F5841#F8109,1101,503,1606,0,25776,537,9738
F6887#F8109,1099,499,1601,0,25824,538,9738
F8287#F8109,1077,469,1548,0,25872,539,9738
F2418#F8109,1079,508,1590,0,25920,540,9738
F8304#F8109,1112,521,1635,0,25968,541,9738
F7078#F8109,1134,553,1690,0,26016,542,9738
F8897#F8109,1152,489,1644,0,26064,543,9738
F2215#F8109,1111,461,1575,0,26112,544,9738
F3717#F8109,1136,452,1591,0,26160,545,9738
F2933#F8109,1231,466,1700,0,26208,546,9738
F1309#F8109,1189,452,1643,0,26256,547,9738
F5900#F8109,1149,460,1615,0,26304,548,9738
F1246#F8109,1113,501,1617,0,26352,549,9738
F3165#F8109,1132,445,1579,0,26400,550,9738
F4048#F8109,1176,464,1649,0,26448,551,9738
F5307#F8109,1215,487,1706,0,26496,552,9738
F3575#F8109,1155,460,1618,0,26544,553,9738
F3741#F8109,1136,508,1646,0,26592,554,9738
F757#F8109,1178,499,1680,0,26640,555,9738
F1517#F8109,1167,459,1628,0,26688,556,9738
F7097#F8109,1137,457,1597,0,26736,557,9738
F9756#F8109,1138,458,1599,0,26784,558,9738
F6315#F8109,1188,466,1657,0,26832,559,9738
F2240#F8109,1149,455,1607,0,26880,560,9738
F567#F8109,1130,458,1590,0,26928,561,9738
F3193#F8109,1180,503,1690,0,26976,562,9738
F9196#F8109,1167,461,1632,0,27024,563,9738
F7773#F8109,1164,471,1639,0,27072,564,9738
F7310#F8109,1134,475,1612,0,27120,565,9738
F8954#F8109,1200,557,1759,0,27168,566,9738
F8487#F8109,1162,487,1652,0,27216,567,9738
F375#F8109,1141,518,1661,0,27264,568,9738
F7105#F8109,1186,493,1682,0,27312,569,9738
F6824#F8109,1167,471,1641,0,27360,570,9738
F7910#F8109,1149,514,1666,0,27408,571,9738
F1993#F8109,1187,464,1653,0,27456,572,9738
F6043#F8109,1193,466,1662,0,27504,573,9738
F1375#F8109,1193,478,1675,0,27552,574,9738
F1733#F8109,1186,491,1680,0,27600,575,9738
F5502#F8109,1178,486,1667,0,27648,576,9738
F6761#F8109,1199,491,1693,0,27696,577,9738
F1620#F8109,1240,498,1741,0,27744,578,9738
F9828#F8109,1222,520,1744,0,27792,579,9738
F5134#F8109,1255,528,1786,0,27840,580,9738
F3613#F8109,1213,470,1687,0,27888,581,9738
F1945#F8109,1170,513,1687,0,27936,582,9738
F5018#F8109,1180,477,1660,0,27984,583,9738
F8828#F8109,1290,526,1819,0,28032,584,9738
F7083#F8109,1214,487,1705,0,28080,585,9738
F9574#F8109,1206,530,1739,0,28128,586,9738
F8317#F8109,1211,478,1693,0,28176,587,9738
F7101#F8109,1180,478,1661,0,28224,588,9738
F3943#F8109,1237,474,1714,0,28272,589,9738
F7594#F8109,1249,482,1735,0,28320,590,9738
F2035#F8109,1182,484,1668,0,28368,591,9738
F3937#F8109,1219,494,1717,0,28416,592,9738
F694#F8109,1219,503,1729,0,28464,593,9738
F776#F8109,1297,605,1905,0,28512,594,9738
F1981#F8109,1389,1367,2758,0,28560,595,9738
F4310#F8109,1244,563,1809,0,28608,596,9738
F9942#F8109,1266,597,1866,0,28656,597,9738
F9740#F8109,1232,558,1793,0,28704,598,9738
F251#F8109,1252,604,1858,0,28752,599,9738
F437#F8109,1294,570,1867,0,28800,600,9738
F834#F8109,1309,549,1860,0,28848,601,9738
F7027#F8109,1343,558,1905,0,28896,602,9738
F4724#F8109,1289,619,1911,0,28944,603,9738
F4239#F8109,1243,519,1765,0,28992,604,9738
F3756#F8109,1266,509,1778,0,29040,605,9738
F7610#F8109,1412,598,2015,0,29088,606,9738
F156#F8109,1443,695,2140,0,29136,607,9738
F9826#F8109,1364,612,1979,0,29184,608,9738
F2111#F8109,1265,536,1805,0,29232,609,9738
F3599#F8109,1276,522,1801,0,29280,610,9738
F4449#F8109,1238,506,1747,0,29328,611,9738
F8436#F8109,1249,544,1796,0,29376,612,9738
F2548#F8109,1248,498,1750,0,29424,613,9738
F3141#F8109,1306,506,1816,0,29472,614,9738
F3801#F8109,1280,505,1787,0,29520,615,9738
F9131#F8109,1269,585,1857,0,29568,616,9738
F6613#F8109,1327,526,1857,0,29616,617,9738
F1738#F8109,1279,582,1863,0,29664,618,9738
F347#F8109,1262,588,1852,0,29712,619,9738
F9255#F8109,1286,522,1816,0,29760,620,9738
F3097#F8109,1252,535,1790,0,29808,621,9738
F4875#F8109,1289,527,1819,0,29856,622,9738
F6514#F8109,1296,582,1880,0,29904,623,9738
F7960#F8109,1308,514,1826,0,29952,624,9738
F395#F8109,1284,516,1804,0,30000,625,9738
F4825#F8109,1302,563,1867,0,30048,626,9738
F3659#F8109,1266,510,1779,0,30096,627,9738
F5694#F8109,1415,542,1960,0,30144,628,9738
F5544#F8109,1277,516,1797,0,30192,629,9738
F169#F8109,1301,566,1871,0,30240,630,9738
F7930#F8109,1256,556,1814,0,30288,631,9738
F908#F8109,1278,559,1839,0,30336,632,9738
F582#F8109,1292,658,1952,0,30384,633,9738
F2809#F8109,1355,525,1883,0,30432,634,9738
F4701#F8109,1368,572,1944,0,30480,635,9738
F3081#F8109,1309,512,1825,0,30528,636,9738
F3608#F8109,1285,567,1856,0,30576,637,9738
F1133#F8109,1307,520,1830,0,30624,638,9738
F4772#F8109,1360,573,1936,0,30672,639,9738
F3825#F8109,1479,532,2014,0,30720,640,9738
F2404#F8109,1330,518,1850,0,30768,641,9738
F2718#F8109,1291,521,1815,0,30816,642,9738
F7106#F8109,1298,523,1827,0,30864,643,9738
F6579#F8109,1310,719,2031,0,30912,644,9738
F7164#F8109,1324,556,1883,0,30960,645,9738
F639#F8109,1381,622,2011,0,31008,646,9738
F763#F8109,1408,569,1980,0,31056,647,9738
F8356#F8109,1300,523,1827,0,31104,648,9738
F9045#F8109,1347,527,1877,0,31152,649,9738
F8316#F8109,1335,532,1870,0,31200,650,9738
F5587#F8109,1355,535,1894,0,31248,651,9738
F2810#F8109,1389,535,1926,0,31296,652,9738
F4126#F8109,1431,546,1980,0,31344,653,9738
F5279#F8109,1358,565,1926,0,31392,654,9738
F4694#F8109,1369,586,1957,0,31440,655,9738
F3338#F8109,1337,557,1897,0,31488,656,9738
F9765#F8109,1378,549,1930,0,31536,657,9738
F4440#F8109,1354,584,1940,0,31584,658,9738
F8206#F8109,1355,539,1898,0,31632,659,9738
F2487#F8109,1389,536,1929,0,31680,660,9738
F5298#F8109,1317,585,1904,0,31728,661,9738
F3844#F8109,1383,536,1921,0,31776,662,9738
F6494#F8109,1387,537,1931,0,31824,663,9738
F6540#F8109,1424,553,1980,0,31872,664,9738
F818#F8109,1369,541,1912,0,31920,665,9738
F7328#F8109,1350,608,1961,0,31968,666,9738
F1779#F8109,1371,639,2014,0,32016,667,9738
F1#F8109,1386,565,1954,0,32064,668,9738
F6201#F8109,1381,648,2032,0,32112,669,9738
F6295#F8109,1388,542,1933,0,32160,670,9738
F3412#F8109,1380,586,1968,0,32208,671,9738
F3433#F8109,1349,623,1975,0,32256,672,9738
F2684#F8109,1357,587,1947,0,32304,673,9738
F4980#F8109,1349,546,1900,0,32352,674,9738
F8216#F8109,1386,559,1950,0,32400,675,9738
F5859#F8109,1404,571,1978,0,32448,676,9738
F6112#F8109,1367,542,1912,0,32496,677,9738
F8480#F8109,1393,642,2037,0,32544,678,9738
F897#F8109,1387,668,2058,0,32592,679,9738
F7932#F8109,1436,737,2175,0,32640,680,9738
F4510#F8109,1458,547,2008,0,32688,681,9738
F8664#F8109,1422,553,1979,0,32736,682,9738
F7604#F8109,1457,613,2073,0,32784,683,9738
F130#F8109,1432,734,2168,0,32832,684,9738
F8885#F8109,1506,757,2266,0,32880,685,9738
F380#F8109,1429,601,2032,0,32928,686,9738
F7321#F8109,1429,559,1992,0,32976,687,9738
F877#F8109,1392,556,1951,0,33024,688,9738
F603#F8109,1480,600,2084,0,33072,689,9738
F5705#F8109,1515,611,2130,0,33120,690,9738
F5294#F8109,1421,616,2040,0,33168,691,9738
F7109#F8109,1403,559,1966,0,33216,692,9738
F4634#F8109,1491,561,2057,0,33264,693,9738
F9657#F8109,1414,564,1980,0,33312,694,9738
F4582#F8109,1437,554,1995,0,33360,695,9738
F4621#F8109,1530,586,2119,0,33408,696,9738
F6582#F8109,1451,558,2013,0,33456,697,9738
F2562#F8109,1420,555,1978,0,33504,698,9738
F4518#F8109,1449,653,2105,0,33600,700,9738
F5432#F8109,1441,567,2011,0,33648,701,9738
F4741#F8109,1481,583,2067,0,33696,702,9738
F6288#F8109,1420,606,2029,0,33744,703,9738
F2157#F8109,1432,559,1994,0,33792,704,9738
F3364#F8109,1446,609,2058,0,33840,705,9738
F1785#F8109,1479,561,2042,0,33888,706,9738
F9331#F8109,1471,572,2046,0,33936,707,9738
F9492#F8109,1492,567,2063,0,33984,708,9738
F4957#F8109,1482,566,2051,0,34032,709,9738
F8363#F8109,1434,566,2003,0,34080,710,9738
F1423#F8109,1454,615,2072,0,34128,711,9738
F8796#F8109,1463,690,2156,0,34176,712,9738
F4000#F8109,1502,638,2143,0,34224,713,9738
F2152#F8109,1507,699,2208,0,34272,714,9738
F1374#F8109,1551,740,2294,0,34320,715,9738
F6347#F8109,1600,646,2250,0,34368,716,9738
F8431#F8109,1551,666,2221,0,34416,717,9738
F7840#F8109,1490,592,2085,0,34464,718,9738
F720#F8109,1473,666,2142,0,34512,719,9738
F392#F8109,1481,665,2148,0,34560,720,9738
F5869#F8109,1497,695,2195,0,34608,721,9738
F2728#F8109,1498,600,2100,0,34656,722,9738
F655#F8109,1552,591,2146,0,34704,723,9738
F1758#F8109,1615,836,2454,0,34752,724,9738
F6482#F8109,1485,591,2079,0,34800,725,9738
F9854#F8109,1585,579,2168,0,34848,726,9738
F2996#F8109,1492,582,2078,0,34896,727,9738
F2121#F8109,1566,586,2156,0,34944,728,9738
F9137#F8109,1451,584,2039,0,34992,729,9738
F6992#F8109,1488,582,2073,0,35040,730,9738
F2134#F8109,1558,596,2158,0,35088,731,9738
F4699#F8109,1513,630,2147,0,35136,732,9738
F8239#F8109,1496,600,2099,0,35184,733,9738
F9257#F8109,1514,586,2104,0,35232,734,9738
F2772#F8109,1476,581,2061,0,35280,735,9738
F4557#F8109,1516,730,2250,0,35328,736,9738
F1132#F8109,1564,660,2227,0,35376,737,9738
F8267#F8109,1521,590,2115,0,35424,738,9738
F5029#F8109,1531,637,2172,0,35472,739,9738
F16#F8109,1610,597,2210,0,35520,740,9738
F7937#F8109,1563,596,2162,0,35568,741,9738
F9388#F8109,1512,584,2099,0,35616,742,9738
F4397#F8109,1521,691,2215,0,35664,743,9738
F5611#F8109,1536,704,2242,0,35712,744,9738
F8151#F8109,1598,649,2250,0,35760,745,9738
F2049#F8109,1573,589,2165,0,35808,746,9738
F4879#F8109,1566,659,2228,0,35856,747,9738
F5327#F8109,1572,599,2174,0,35952,749,9738
F7532#F8109,1520,664,2190,0,36000,750,9738
F2453#F8109,1617,606,2226,0,36048,751,9738
F8826#F8109,1621,642,2266,0,36096,752,9738
F808#F8109,1497,620,2121,0,36144,753,9738
F3167#F8109,1593,619,2216,0,36192,754,9738
F4780#F8109,1575,615,2193,0,36240,755,9738
F7664#F8109,1558,605,2166,0,36288,756,9738
F9035#F8109,1651,606,2261,0,36336,757,9738
F7032#F8109,1572,606,2182,0,36384,758,9738
F3238#F8109,1547,657,2206,0,36432,759,9738
F3281#F8109,1528,598,2130,0,36480,760,9738
F2233#F8109,1615,600,2218,0,36528,761,9738
F3341#F8109,1611,608,2224,0,36576,762,9738
F9300#F8109,1619,610,2232,0,36624,763,9738
F837#F8109,1588,622,2213,0,36720,765,9738
F6230#F8109,1558,611,2172,0,36768,766,9738
F1291#F8109,1556,670,2229,0,36816,767,9738
F4273#F8109,1575,661,2239,0,36864,768,9738
F3154#F8109,1584,712,2300,0,36912,769,9738
F9742#F8109,1588,710,2300,0,36960,770,9738
F4121#F8109,1690,619,2312,0,37008,771,9738
F7064#F8109,1621,679,2304,0,37056,772,9738
F7042#F8109,1591,619,2213,0,37104,773,9738
F2522#F8109,1627,618,2249,0,37152,774,9738
F7457#F8109,1562,623,2188,0,37200,775,9738
F8523#F8109,1574,625,2203,0,37248,776,9738
F4861#F8109,1599,624,2227,0,37296,777,9738
F1204#F8109,1607,619,2229,0,37344,778,9738
F7805#F8109,1655,630,2289,0,37392,779,9738
F5898#F8109,1596,676,2276,0,37440,780,9738
F5939#F8109,1581,634,2217,0,37488,781,9738
F7398#F8109,1670,629,2303,0,37536,782,9738
F3574#F8109,1640,669,2312,0,37584,783,9738
F6876#F8109,1661,624,2288,0,37632,784,9738
F59#F8109,1644,686,2334,0,37728,786,9738
F3381#F8109,1619,621,2244,0,37776,787,9738
F9275#F8109,1636,626,2266,0,37824,788,9738
F4854#F8109,1615,628,2246,0,37872,789,9738
F2941#F8109,1642,633,2279,0,37920,790,9738
F8645#F8109,1634,633,2271,0,37968,791,9738
F8157#F8109,1669,667,2339,0,38016,792,9738
F7520#F8109,1647,681,2331,0,38064,793,9738
F4062#F8109,1682,670,2355,0,38112,794,9738
F6192#F8109,1652,723,2378,0,38160,795,9738
F7491#F8109,1676,651,2330,0,38208,796,9738
F3367#F8109,1641,676,2321,0,38256,797,9738
F8055#F8109,1752,686,2442,0,38304,798,9738
F5188#F8109,1701,633,2337,0,38352,799,9738
F9680#F8109,1646,641,2291,0,38400,800,9738
F4148#F8109,1692,647,2343,0,38448,801,9738
F5893#F8109,1674,638,2316,0,38496,802,9738
F2667#F8109,1727,637,2368,0,38544,803,9738
F2665#F8109,1669,665,2338,0,38592,804,9738
F5185#F8109,1718,674,2395,0,38688,806,9738
F6453#F8109,1689,690,2382,0,38736,807,9738
F8149#F8109,1675,643,2323,0,38784,808,9738
F7177#F8109,1671,645,2320,0,38832,809,9738
F3200#F8109,1677,644,2325,0,38880,810,9738
F7525#F8109,1684,658,2345,0,38928,811,9738
F7536#F8109,1833,774,2613,0,38976,812,9738
F2491#F8109,1704,635,2347,0,39072,814,9738
F7416#F8109,1624,649,2277,0,39120,815,9738
F2267#F8109,1679,769,2450,0,39168,816,9738
F6951#F8109,1731,698,2432,0,39216,817,9738
F7559#F8109,1820,697,2521,0,39264,818,9738
F5299#F8109,1743,704,2450,0,39312,819,9738
F8134#F8109,1662,695,2360,0,39360,820,9738
F4078#F8109,1712,654,2369,0,39408,821,9738
F4972#F8109,1696,652,2352,0,39456,822,9738
F4627#F8109,1797,663,2463,0,39552,824,9738
F8045#F8109,1777,659,2440,0,39600,825,9738
F8955#F8109,1652,651,2306,0,39648,826,9738
F6848#F8109,1736,670,2408,0,39696,827,9738
F2036#F8109,1642,674,2319,0,39744,828,9738
F2774#F8109,1768,654,2426,0,39792,829,9738
F3496#F8109,1808,660,2472,0,39840,830,9738
F8164#F8109,1687,704,2393,0,39936,832,9738
F3870#F8109,1692,653,2349,0,39984,833,9738
F2101#F8109,1652,663,2319,0,40032,834,9738
F2608#F8109,1640,653,2296,0,40080,835,9738
F8928#F8109,1678,658,2339,0,40128,836,9738
F469#F8109,1731,664,2399,0,40176,837,9738
F4094#F8109,1673,702,2384,0,40224,838,9738
F8119#F8109,1759,734,2496,0,40272,839,9738
F1381#F8109,1766,722,2491,0,40320,840,9738
F4287#F8109,1738,815,2556,0,40368,841,9738
F4762#F8109,1947,921,2871,0,40416,842,9738
F6691#F8109,1705,729,2437,0,40464,843,9738
F3315#F8109,1782,781,2567,0,40512,844,9738
F6308#F8109,1769,728,2501,0,40560,845,9738
F9422#F8109,1785,738,2526,0,40608,846,9738
F1672#F8109,1746,709,2459,0,40656,847,9738
F2974#F8109,1732,785,2521,0,40704,848,9738
F5592#F8109,1709,699,2412,0,40752,849,9738
F5647#F8109,1696,857,2556,0,40800,850,9738
F2031#F8109,1715,771,2490,0,40848,851,9738
F1466#F8109,1722,726,2452,0,40896,852,9738
F5990#F8109,1739,677,2420,0,40944,853,9738
F9004#F8109,1803,708,2514,0,40992,854,9738
F3939#F8109,1751,677,2432,0,41040,855,9738
F5391#F8109,1727,680,2411,0,41088,856,9738
F4119#F8109,1876,690,2569,0,41184,858,9738
F9643#F8109,1767,677,2449,0,41232,859,9738
F3294#F8109,1752,682,2437,0,41280,860,9738
F2849#F8109,1725,678,2406,0,41328,861,9738
F8175#F8109,1772,689,2465,0,41376,862,9738
F3703#F8109,1739,692,2435,0,41424,863,9738
F8745#F8109,1727,736,2467,0,41472,864,9738
F6125#F8109,1694,680,2377,0,41520,865,9738
F3711#F8109,1745,684,2433,0,41568,866,9738
F2878#F8109,1729,702,2435,0,41616,867,9738
F8644#F8109,1797,697,2497,0,41664,868,9738
F8165#F8109,1730,686,2420,0,41760,870,9738
F6402#F8109,1768,734,2505,0,41808,871,9738
F4484#F8109,1718,694,2416,0,41856,872,9738
F8136#F8109,1807,1611,3421,0,41904,873,9738
F1338#F8109,1874,739,2615,0,41952,874,9738
F9530#F8109,1788,749,2541,0,42000,875,9738
F6319#F8109,1911,740,2654,0,42048,876,9738
F2209#F8109,1831,698,2532,0,42288,881,9738
F2847#F8109,1795,741,2540,0,42336,882,9738
F2024#F8109,1861,758,2623,0,42384,883,9738
F6269#F8109,1759,705,2468,0,42432,884,9738
F4934#F8109,1762,753,2518,0,42480,885,9738
F5664#F8109,1772,699,2473,0,42528,886,9738
F9102#F8109,1799,803,2605,0,42576,887,9738
F2885#F8109,2123,713,2840,0,42624,888,9738
F3221#F8109,1780,779,2563,0,42672,889,9738
F9134#F8109,1790,708,2502,0,42720,890,9738
F6534#F8109,1774,761,2538,0,42768,891,9738
F7871#F8109,1790,718,2511,0,42816,892,9738
F333#F8109,1859,857,2719,0,42864,893,9738
F5915#F8109,1855,710,2569,0,42912,894,9738
F530#F8109,1786,703,2493,0,42960,895,9738
F7995#F8109,1781,707,2492,0,43008,896,9738
F8915#F8109,1886,720,2609,0,43056,897,9738
F3396#F8109,1804,708,2515,0,43104,898,9738
F3536#F8109,1810,711,2524,0,43152,899,9738
F5348#F8109,1844,758,2607,0,43248,901,9738
F5045#F8109,1801,709,2513,0,43296,902,9738
F3420#F8109,1823,760,2587,0,43344,903,9738
F1866#F8109,1912,787,2703,0,43392,904,9738
F1773#F8109,1836,709,2549,0,43440,905,9738
F5014#F8109,1804,794,2601,0,43488,906,9738
F7655#F8109,1848,721,2573,0,43536,907,9738
F4904#F8109,1801,773,2577,0,43584,908,9738
F1442#F8109,1828,710,2541,0,43632,909,9738
F4511#F8109,1822,718,2543,0,43680,910,9738
F2702#F8109,1831,722,2557,0,43728,911,9738
F2392#F8109,1773,732,2508,0,43776,912,9738
F8760#F8109,1783,718,2505,0,43824,913,9738
F9789#F8109,1856,733,2593,0,43872,914,9738
F6462#F8109,1884,730,2618,0,43920,915,9738
F1076#F8109,1858,741,2604,0,43968,916,9738
F8596#F8109,1872,729,2604,0,44016,917,9738
F1350#F8109,2002,781,2786,0,44064,918,9738
F7720#F8109,1916,802,2722,0,44112,919,9738
F1295#F8109,1858,832,2693,0,44160,920,9738
F3530#F8109,1979,759,2742,0,44208,921,9738
F2096#F8109,1906,778,2688,0,44256,922,9738
F3583#F8109,1914,727,2645,0,44304,923,9738
F1243#F8109,1934,791,2728,0,44352,924,9738
F907#F8109,1849,725,2577,0,44400,925,9738
F1330#F8109,1949,796,2749,0,44448,926,9738
F731#F8109,1940,782,2727,0,44496,927,9738
F7261#F8109,1927,733,2667,0,44544,928,9738
F3778#F8109,1882,730,2616,0,44592,929,9738
F7000#F8109,1919,722,2645,0,44640,930,9738
F3836#F8109,2022,749,2775,0,44688,931,9738
F1187#F8109,1920,773,2697,0,44832,934,9738
F5278#F8109,1868,776,2646,0,44880,935,9738
F838#F8109,1908,737,2648,0,44976,937,9738
F5300#F8109,1906,789,2699,0,45024,938,9738
F2483#F8109,1912,756,2672,0,45072,939,9738
F1424#F8109,1953,779,2735,0,45120,940,9738
F7730#F8109,1921,754,2678,0,45216,942,9738
F8384#F8109,1908,834,2747,0,45264,943,9738
F7765#F8109,1932,741,2676,0,45312,944,9738
F7983#F8109,1904,743,2651,0,45360,945,9738
F2166#F8109,1896,745,2644,0,45408,946,9738
F4392#F8109,1883,776,2662,0,45456,947,9738
F3867#F8109,1993,797,2794,0,45504,948,9738
F6036#F8109,1931,758,2692,0,45552,949,9738
F1525#F8109,2013,746,2763,0,45600,950,9738
F641#F8109,1932,760,2695,0,45648,951,9738
F7488#F8109,1900,804,2708,0,45696,952,9738
F2488#F8109,1993,754,2750,0,45744,953,9738
F9233#F8109,1951,754,2713,0,45792,954,9738
F7270#F8109,1885,748,2636,0,45840,955,9738
F4719#F8109,1979,749,2732,0,45888,956,9738
F4172#F8109,1953,1144,3100,0,45936,957,9738
F5280#F8109,1932,832,2768,0,45984,958,9738
F6918#F8109,2058,803,2865,0,46032,959,9738
F1233#F8109,1962,790,2757,0,46128,961,9738
F4778#F8109,1997,950,2950,0,46176,962,9738
F9264#F8109,1994,900,2899,0,46224,963,9738
F8713#F8109,1959,765,2729,0,46272,964,9738
F4842#F8109,1966,757,2727,0,46320,965,9738
F9621#F8109,1978,779,2760,0,46368,966,9738
F5128#F8109,2203,796,3002,0,46416,967,9738
F1055#F8109,1967,787,2757,0,46464,968,9738
F9319#F8109,1892,764,2661,0,46512,969,9738
F8236#F8109,1962,775,2741,0,46560,970,9738
F8098#F8109,2098,760,2862,0,46608,971,9738
F3698#F8109,1951,767,2722,0,46656,972,9738
F3086#F8109,1954,771,2730,0,46704,973,9738
F6469#F8109,2034,762,2799,0,46752,974,9738
F8997#F8109,2019,767,2790,0,46848,976,9738
F6543#F8109,2007,774,2785,0,46896,977,9738
F2991#F8109,1997,778,2780,0,46992,979,9738
F8618#F8109,1949,764,2718,0,47040,980,9738
F6445#F8109,1986,768,2757,0,47088,981,9738
F4802#F8109,2010,843,2856,0,47136,982,9738
F2595#F8109,2025,821,2849,0,47232,984,9738
F4124#F8109,2134,776,2914,0,47280,985,9738
F4948#F8109,2115,828,2946,0,47328,986,9738
F3027#F8109,2002,784,2791,0,47376,987,9738
F2106#F8109,2056,779,2840,0,47472,989,9738
F9814#F8109,2184,826,3015,0,47520,990,9738
F7510#F8109,2083,832,2918,0,47568,991,9738
F2971#F8109,2042,776,2822,0,47616,992,9738
F785#F8109,2139,775,2917,0,47664,993,9738
F2061#F8109,2008,769,2781,0,47712,994,9738
F1960#F8109,2036,847,2886,0,47760,995,9738
F6710#F8109,2041,819,2864,0,47808,996,9738
F9628#F8109,2069,867,2939,0,47856,997,9738
F1203#F8109,2098,794,2897,0,47904,998,9738
F5397#F8109,1987,891,2881,0,47952,999,9738
F5322#F8109,2029,786,2819,0,48000,1000,9738
F9020#F8109,1998,797,2798,0,48048,1001,9738
F8616#F8109,1992,794,2790,0,48096,1002,9738
F5619#F8109,1980,795,2779,0,48144,1003,9738
F2245#F8109,2010,787,2801,0,48192,1004,9738
F6736#F8109,1956,782,2742,0,48240,1005,9738
F1277#F8109,2015,974,2993,0,48288,1006,9738
F8831#F8109,2187,806,2997,0,48336,1007,9738
F5919#F8109,2033,830,2868,0,48384,1008,9738
F6890#F8109,2100,789,2892,0,48432,1009,9738
F616#F8109,2089,831,2925,0,48480,1010,9738
F4023#F8109,2200,794,2998,0,48528,1011,9738
F9655#F8109,2003,794,2802,0,48576,1012,9738
F8510#F8109,2001,840,2845,0,48624,1013,9738
F8261#F8109,2015,803,2823,0,48672,1014,9738
F1874#F8109,2217,897,3116,0,48720,1015,9738
F5950#F8109,2071,827,2902,0,48768,1016,9738
F1807#F8109,2073,798,2876,0,48816,1017,9738
F856#F8109,2162,935,3100,0,48864,1018,9738
F8451#F8109,2096,846,2946,0,48912,1019,9738
F2478#F8109,2240,856,3100,0,48960,1020,9738
F3457#F8109,2132,909,3045,0,49008,1021,9738
F8074#F8109,2286,993,3283,0,49056,1022,9738
F7020#F8109,2239,914,3157,0,49152,1024,9738
F5330#F8109,2164,878,3046,0,49200,1025,9738
F3127#F8109,2260,863,3126,0,49248,1026,9738
F4945#F8109,2173,916,3093,0,49344,1028,9738
F1916#F8109,2191,895,3090,0,49392,1029,9738
F6155#F8109,2174,848,3026,0,49440,1030,9738
F1646#F8109,2223,849,3076,0,49488,1031,9738
F2080#F8109,2149,865,3021,0,49536,1032,9738
F4766#F8109,2119,918,3041,0,49584,1033,9738
F7881#F8109,2212,890,3105,0,49632,1034,9738
F8855#F8109,2433,851,3288,0,49680,1035,9738
F1491#F8109,2352,893,3249,0,49728,1036,9738
F2842#F8109,2256,905,3164,0,49776,1037,9738
F6622#F8109,2116,835,2955,0,49824,1038,9738
F6575#F8109,2132,944,3079,0,49872,1039,9738
F4920#F8109,2150,937,3092,0,49920,1040,9738
F2712#F8109,2440,1164,3608,0,49968,1041,9738
F7138#F8109,2199,958,3162,0,50016,1042,9738
F8747#F8109,2231,1069,3304,0,50064,1043,9738
F5413#F8109,2262,1035,3307,0,50112,1044,9738
F4631#F8109,2356,986,3347,0,50160,1045,9738
F286#F8109,2314,876,3195,0,50256,1047,9738
F6780#F8109,2134,910,3050,0,50304,1048,9738
F4240#F8109,2240,1005,3250,0,50352,1049,9738
F8941#F8109,2416,1148,3567,0,50448,1051,9738
F8542#F8109,2116,858,2977,0,50496,1052,9738
F1462#F8109,2209,901,3114,0,50544,1053,9738
F268#F8109,2199,857,3065,0,50592,1054,9738
F8228#F8109,2114,858,2977,0,50640,1055,9738
F1985#F8109,2223,828,3056,0,50688,1056,9738
F4276#F8109,2053,859,2916,0,50736,1057,9738
F2190#F8109,5027,1478,6510,0,50880,1060,9738
F6967#F8109,2122,865,2991,0,50928,1061,9738
F3052#F8109,2104,833,2940,0,50976,1062,9738
F1158#F8109,2136,845,2988,0,51072,1064,9738
F7999#F8109,2125,824,2952,0,51120,1065,9738
F9777#F8109,2091,834,2929,0,51168,1066,9738
F3712#F8109,2355,839,3198,0,51216,1067,9738
F1589#F8109,2112,821,2937,0,51408,1071,9738
F3025#F8109,2130,843,2976,0,51456,1072,9738
F362#F8109,2106,836,2945,0,51504,1073,9738
F3446#F8109,2084,867,2956,0,51552,1074,9738
F1188#F8109,2256,844,3105,0,51600,1075,9738
F2896#F8109,2288,885,3176,0,51648,1076,9738
F8667#F8109,1995,872,2870,0,51744,1078,9738
F8298#F8109,1939,891,2834,0,51792,1079,9738
F9165#F8109,2203,902,3110,0,51840,1080,9738
F8600#F8109,2004,3376,5383,0,51888,1081,9738
F7946#F8109,2120,895,3019,0,51936,1082,9738
F2803#F8109,2156,881,3041,0,51984,1083,9738
F1293#F8109,1950,829,2782,0,52032,1084,9738
F5612#F8109,2009,844,2858,0,52080,1085,9738
F4747#F8109,2043,844,2892,0,52128,1086,9738
F1450#F8109,2041,857,2901,0,52176,1087,9738
F359#F8109,2020,886,2911,0,52224,1088,9738
F578#F8109,1983,828,2815,0,52272,1089,9738
F4362#F8109,2032,862,2898,0,52320,1090,9738
F7865#F8109,2062,902,2967,0,52416,1092,9738
F8916#F8109,2051,899,2954,0,52464,1093,9738
F2835#F8109,2096,852,2953,0,52512,1094,9738
F7744#F8109,2075,896,2974,0,52560,1095,9738
F3763#F8109,2052,849,2905,0,52608,1096,9738
F7424#F8109,2066,879,2948,0,52656,1097,9738
F6583#F8109,2083,858,2944,0,52704,1098,9738
F1810#F8109,2098,862,2964,0,52800,1100,9738
F2992#F8109,2075,856,2938,0,52848,1101,9738
F4219#F8109,1833,851,2689,0,52896,1102,9738
F614#F8109,1680,875,2560,0,52944,1103,9738
F1515#F8109,1631,904,2539,0,52992,1104,9738
F1739#F8109,1588,926,2518,0,53040,1105,9738
F2843#F8109,1673,915,2592,0,53088,1106,9738
F8905#F8109,1766,924,2695,0,53136,1107,9738
F5924#F8109,1664,869,2537,0,53184,1108,9738
F5127#F8109,1786,895,2685,0,53328,1111,9738
F5993#F8109,1618,873,2495,0,53376,1112,9738
F2679#F8109,1632,867,2503,0,53424,1113,9738
F5189#F8109,1684,883,2571,0,53472,1114,9738
F9076#F8109,1700,869,2573,0,53520,1115,9738
F4225#F8109,1601,928,2532,0,53616,1117,9738
F9010#F8109,1638,916,2558,0,53760,1120,9738
F4928#F8109,1639,883,2527,0,53856,1122,9738
F968#F8109,1700,879,2582,0,54000,1125,9738
F7800#F8109,1691,894,2591,0,54048,1126,9738
F7230#F8109,1659,970,2632,0,54096,1127,9738
F5798#F8109,1695,898,2596,0,54192,1129,9738
F5273#F8109,1691,968,2662,0,54288,1131,9738
F9062#F8109,1706,946,2656,0,54336,1132,9738
F6314#F8109,1876,999,2880,0,54384,1133,9738
F9284#F8109,1666,961,2630,0,54432,1134,9738
F9125#F8109,1748,916,2667,0,54480,1135,9738
F4709#F8109,1653,880,2536,0,54528,1136,9738
F9213#F8109,1694,889,2587,0,54576,1137,9738
F6779#F8109,1648,884,2537,0,54624,1138,9738
F7368#F8109,1686,965,2655,0,54672,1139,9738
F3856#F8109,1762,923,2689,0,54720,1140,9738
F1947#F8109,1725,886,2614,0,54816,1142,9738
F6854#F8109,1669,912,2586,0,54864,1143,9738
F3625#F8109,1636,899,2539,0,54912,1144,9738
F265#F8109,1625,892,2521,0,54960,1145,9738
F7124#F8109,1700,891,2596,0,55008,1146,9738
F3947#F8109,1687,898,2597,0,55056,1147,9738
F2970#F8109,1664,962,2629,0,55104,1148,9738
F4570#F8109,1706,986,2696,0,55200,1150,9738
F8998#F8109,1714,962,2681,0,55248,1151,9738
F1169#F8109,1704,955,2663,0,55344,1153,9738
F698#F8109,1692,987,2683,0,55392,1154,9738
F3464#F8109,1790,902,2697,0,55440,1155,9738
F2770#F8109,1706,914,2624,0,55488,1156,9738
F6149#F8109,1750,918,2673,0,55536,1157,9738
F2854#F8109,1780,924,2709,0,55584,1158,9738
F2137#F8109,1829,938,2775,0,55632,1159,9738
F6317#F8109,1804,907,2715,0,55728,1161,9738
F330#F8109,1719,904,2626,0,55776,1162,9738
F8143#F8109,1741,954,2698,0,55824,1163,9738
F3777#F8109,1687,1052,2743,0,55872,1164,9738
F5819#F8109,1763,918,2686,0,55920,1165,9738
F8690#F8109,1686,902,2592,0,55968,1166,9738
F8097#F8109,2216,926,3146,0,56064,1168,9738
F4174#F8109,5805,3067,8878,0,56160,1170,9738
F4138#F8109,4251,3362,7619,0,56208,1171,9738
F354#F8109,3543,3748,7300,0,56256,1172,9738
F9480#F8109,3417,2672,6095,0,56304,1173,9738
F4579#F8109,3809,3618,7432,0,56352,1174,9738
F9891#F8109,4172,2839,7017,0,56448,1176,9738
F7839#F8109,3162,2260,5428,0,56496,1177,9738
F4228#F8109,3239,2894,6139,0,56544,1178,9738
F7534#F8109,3272,2240,5519,0,56592,1179,9738
F1852#F8109,3101,1309,4417,0,56640,1180,9738
F304#F8109,3545,1505,5059,0,56688,1181,9738
F8040#F8109,9910,3226,13147,0,56736,1182,9738
F4585#F8109,3817,2132,5957,0,56880,1185,9738
F8634#F8109,3673,2144,5824,0,56928,1186,9738
F2935#F8109,4087,2223,6316,0,56976,1187,9738
F1332#F8109,3760,2325,6093,0,57024,1188,9738
F4870#F8109,3979,2218,6206,0,57072,1189,9738
F9922#F8109,4088,2254,6349,0,57120,1190,9738
F1474#F8109,3736,2342,6086,0,57168,1191,9738
F6332#F8109,4097,2394,6498,0,57216,1192,9738
F3500#F8109,3748,2264,6019,0,57312,1194,9738
F7526#F8109,3784,2317,6106,0,57408,1196,9738
F4303#F8109,3971,2374,6353,0,57456,1197,9738
F172#F8109,3846,2407,6261,0,57504,1198,9738
F5973#F8109,3588,2370,5965,0,57552,1199,9738
F2596#F8109,4083,2462,6552,0,57600,1200,9738
F3506#F8109,3932,2377,6316,0,57744,1203,9738
F4858#F8109,4105,2263,6374,0,57792,1204,9738
F8716#F8109,7319,2052,9379,0,57840,1205,9738
F2858#F8109,6994,1834,8837,0,57888,1206,9738
F7430#F8109,7039,1948,8995,0,57936,1207,9738
F3375#F8109,4830,1846,6683,0,57984,1208,9738
F8934#F8109,8515,1908,10430,0,58032,1209,9738
F7435#F8109,4066,2621,6697,0,58080,1210,9738
F397#F8109,3710,2287,6004,0,58128,1211,9738
F2481#F8109,4569,1929,6506,0,58320,1215,9738
F4999#F8109,2730,1425,4164,0,58368,1216,9738
F1912#F8109,3846,1532,5388,0,58416,1217,9738
F1929#F8109,5970,1611,7591,0,58512,1219,9738
F6012#F8109,4592,1519,6119,0,58560,1220,9738
F2657#F8109,2545,1713,4271,0,58656,1222,9738
F3069#F8109,1848,1025,2877,0,58704,1223,9738
F5067#F8109,1812,1019,2836,0,58752,1224,9738
F4513#F8109,1837,1022,2863,0,58848,1226,9738
F5883#F8109,1859,1014,2878,0,58992,1229,9738
F6336#F8109,2044,998,3047,0,59040,1230,9738
F8308#F8109,1867,997,2868,0,59088,1231,9738
F3444#F8109,1890,996,2891,0,59136,1232,9738
F8452#F8109,1846,995,2846,0,59184,1233,9738
F6078#F8109,1959,1192,3155,0,59280,1235,9738
F3393#F8109,2182,1055,3243,0,59376,1237,9738
F3691#F8109,1874,1080,2959,0,59568,1241,9738
F4587#F8109,1864,1020,2889,0,59664,1243,9738
F2923#F8109,1855,1070,2928,0,59712,1244,9738
F6958#F8109,1938,1149,3092,0,59760,1245,9738
F128#F8109,1854,1037,2895,0,59808,1246,9738
F5951#F8109,1879,1254,3136,0,59856,1247,9738
F6756#F8109,1868,1060,2932,0,59904,1248,9738
F7514#F8109,1912,1069,2986,0,59952,1249,9738
F8378#F8109,1887,1052,2943,0,60000,1250,9738
F4638#F8109,2059,994,3056,0,60048,1251,9738
F4072#F8109,1822,1003,2829,0,60144,1253,9738
F1683#F8109,1887,1033,2924,0,60336,1257,9738
F1398#F8109,1966,1035,3005,0,60528,1261,9738
F9599#F8109,1938,1030,2974,0,60624,1263,9738
F7258#F8109,1884,1025,2913,0,60672,1264,9738
F6438#F8109,1977,1026,3007,0,60768,1266,9738
F8784#F8109,1861,1048,2914,0,60816,1267,9738
F587#F8109,1861,1044,2908,0,60864,1268,9738
F4665#F8109,1998,1033,3035,0,60912,1269,9738
F9881#F8109,2005,1080,3089,0,60960,1270,9738
F4882#F8109,1893,1034,2931,0,61056,1272,9738
F6762#F8109,1908,1025,2938,0,61104,1273,9738
F3534#F8109,1946,1098,3048,0,61248,1276,9738
F9540#F8109,1941,1073,3017,0,61296,1277,9738
F3808#F8109,2102,1079,3185,0,61344,1278,9738
F6833#F8109,1920,1059,2982,0,61488,1281,9738
F272#F8109,1958,1040,3002,0,61536,1282,9738
F2957#F8109,1893,1073,2971,0,61584,1283,9738
F9229#F8109,1903,1023,2929,0,61680,1285,9738
F9217#F8109,1928,1032,2972,0,61728,1286,9738
F6644#F8109,1886,1031,2922,0,61776,1287,9738
F2363#F8109,1929,1059,2993,0,61968,1291,9738
F4289#F8109,1894,1032,2931,0,62064,1293,9738
F2553#F8109,1979,1036,3018,0,62208,1296,9738
F1747#F8109,1914,1149,3066,0,62256,1297,9738
F1504#F8109,1950,1088,3042,0,62304,1298,9738
F7127#F8109,1911,1109,3027,0,62352,1299,9738
F8633#F8109,1969,1049,3022,0,62544,1303,9738
F3173#F8109,2036,1034,3074,0,62592,1304,9738
F5972#F8109,1878,1056,2937,0,62640,1305,9738
F7962#F8109,1957,1225,3185,0,62736,1307,9738
F226#F8109,2002,1133,3139,0,62832,1309,9738
F5675#F8109,1970,1061,3035,0,62928,1311,9738
F8407#F8109,1955,1053,3013,0,63024,1313,9738
F4682#F8109,1940,1037,2982,0,63072,1314,9738
F4211#F8109,1983,1086,3080,0,63168,1316,9738
F167#F8109,2090,1117,3211,0,63216,1317,9738
F2700#F8109,1990,1151,3145,0,63264,1318,9738
F3168#F8109,2015,1138,3156,0,63360,1320,9738
F6548#F8109,2021,1108,3133,0,63456,1322,9738
F9053#F8109,2045,1109,3159,0,63552,1324,9738
F7793#F8109,2057,1090,3152,0,63648,1326,9738
F1333#F8109,1998,1059,3061,0,63696,1327,9738
F7797#F8109,2002,1203,3209,0,63744,1328,9738
F1067#F8109,2058,1114,3175,0,63936,1332,9738
F2204#F8109,2043,1107,3155,0,64080,1335,9738
F7982#F8109,2018,1085,3107,0,64176,1337,9738
F4281#F8109,2000,1070,3074,0,64224,1338,9738
F4332#F8109,2055,1126,3186,0,64416,1342,9738
F8144#F8109,2044,1110,3157,0,64464,1343,9738
F6961#F8109,2117,1118,3240,0,64608,1346,9738
F4480#F8109,2149,1154,3306,0,64656,1347,9738
F7299#F8109,1974,1091,3069,0,64800,1350,9738
F1313#F8109,1967,1120,3091,0,64896,1352,9738
F5970#F8109,1994,1124,3124,0,64944,1353,9738
F3372#F8109,2070,1086,3161,0,65040,1355,9738
F4403#F8109,2071,1113,3190,0,65088,1356,9738
F4292#F8109,2094,1139,3237,0,65232,1359,9738
F2832#F8109,2104,1133,3240,0,65328,1361,9738
F3327#F8109,2068,1167,3239,0,65472,1364,9738
F316#F8109,2076,1103,3183,0,65520,1365,9738
F4209#F8109,2090,1106,3200,0,65568,1366,9738
F3765#F8109,2146,1123,3273,0,65760,1370,9738
F4404#F8109,3382,1349,4736,0,65808,1371,9738
F7736#F8109,2081,1144,3229,0,66000,1375,9738
F884#F8109,2114,1131,3249,0,66144,1378,9738
F715#F8109,2180,1211,3395,0,66480,1385,9738
F4633#F8109,2601,1180,3786,0,66528,1386,9738
F2593#F8109,2071,1145,3221,0,66624,1388,9738
F258#F8109,2016,1100,3121,0,66720,1390,9738
F6417#F8109,2143,1178,3325,0,66768,1391,9738
F8337#F8109,2145,1192,3342,0,66864,1393,9738
F8286#F8109,2183,1198,3386,0,66912,1394,9738
F5451#F8109,2119,1145,3269,0,66960,1395,9738
F6404#F8109,2140,1131,3277,0,67056,1397,9738
F5937#F8109,2107,1133,3244,0,67200,1400,9738
F9260#F8109,2123,1111,3238,0,67248,1401,9738
F7200#F8109,2104,1169,3277,0,67344,1403,9738
F9558#F8109,2084,1162,3259,0,67440,1405,9738
F8516#F8109,2186,1137,3327,0,67488,1406,9738
F5890#F8109,2217,1159,3380,0,67584,1408,9738
F2681#F8109,2096,1123,3223,0,67632,1409,9738
F8959#F8109,2097,1134,3236,0,67680,1410,9738
F4509#F8109,2078,1164,3248,0,67776,1412,9738
F5852#F8109,2188,1168,3361,0,67968,1416,9738
F7410#F8109,2093,1162,3260,0,68016,1417,9738
F7685#F8109,2199,1181,3384,0,68064,1418,9738
F8594#F8109,2124,1127,3257,0,68112,1419,9738
F3484#F8109,2247,1142,3394,0,68208,1421,9738
F9418#F8109,2131,1174,3309,0,68256,1422,9738
F9594#F8109,2155,1133,3294,0,68304,1423,9738
F2834#F8109,2220,1201,3424,0,68448,1426,9738
F3483#F8109,2367,1161,3532,0,68496,1427,9738
F6735#F8109,2125,1153,3283,0,68544,1428,9738
F3837#F8109,2265,1152,3422,0,68592,1429,9738
F4855#F8109,2180,1154,3339,0,68640,1430,9738
F7114#F8109,2137,1195,3340,0,68688,1431,9738
F2527#F8109,2172,1160,3337,0,68784,1433,9738
F2493#F8109,2187,1231,3422,0,68928,1436,9738
F3431#F8109,2166,1205,3375,0,68976,1437,9738
F9454#F8109,2166,1145,3315,0,69072,1439,9738
F1836#F8109,2110,1153,3269,0,69120,1440,9738
F9400#F8109,2081,1144,3231,0,69168,1441,9738
F7538#F8109,2410,1165,3581,0,69360,1445,9738
F7194#F8109,2167,1208,3379,0,69408,1446,9738
F7936#F8109,2092,1149,3245,0,69456,1447,9738
F5415#F8109,2473,1246,3725,0,69552,1449,9738
F1370#F8109,3373,1287,4664,0,69648,1451,9738
F2611#F8109,3092,1283,4379,0,69696,1452,9738
F5697#F8109,3325,1248,4578,0,69792,1454,9738
F7367#F8109,3105,1211,4319,0,69936,1457,9738
F4363#F8109,3092,1206,4302,0,69984,1458,9738
F1251#F8109,3097,1355,4457,0,70128,1461,9738
F5519#F8109,3128,1346,4478,0,70224,1463,9738
F65#F8109,3700,1439,5145,0,70272,1464,9738
F4742#F8109,3058,1289,4352,0,70320,1465,9738
F3247#F8109,3151,1367,4525,0,70368,1466,9738
F4916#F8109,3445,1371,4820,0,70416,1467,9738
F4601#F8109,3199,1329,4532,0,70656,1472,9738
F1806#F8109,3419,1393,4816,0,70704,1473,9738
F511#F8109,3235,1279,4518,0,70752,1474,9738
F5785#F8109,3040,1256,4305,0,70800,1475,9738
F4390#F8109,3173,1225,4404,0,70992,1479,9738
F6440#F8109,3251,1244,4499,0,71088,1481,9738
F9051#F8109,3451,1290,4745,0,71280,1485,9738
F9679#F8109,3070,1351,4426,0,71328,1486,9738
F5949#F8109,3104,1347,4455,0,71376,1487,9738
F2076#F8109,2521,1301,3826,0,71424,1488,9738
F8949#F8109,2573,1238,3814,0,71472,1489,9738
F5216#F8109,2590,1319,3913,0,71664,1493,9738
F2692#F8109,2730,1344,4079,0,71760,1495,9738
F5625#F8109,2491,1420,3915,0,71856,1497,9738
F1220#F8109,2814,1394,4212,0,71904,1498,9738
F194#F8109,2923,1240,4167,0,71952,1499,9738
F1097#F8109,2632,1291,3928,0,72096,1502,9738
F1303#F8109,2502,1291,3798,0,72144,1503,9738
F4344#F8109,2640,1267,3914,0,72240,1505,9738
F6844#F8109,2514,1339,3857,0,72336,1507,9738
F6592#F8109,3042,1409,4456,0,72432,1509,9738
F7911#F8109,2803,1478,4285,0,72528,1511,9738
F9278#F8109,2652,1399,4055,0,72576,1512,9738
F7100#F8109,3106,1257,4369,0,72720,1515,9738
F5013#F8109,2979,1261,4245,0,72768,1516,9738
F1059#F8109,2694,1241,3940,0,72816,1517,9738
F444#F8109,2772,1258,4034,0,72864,1518,9738
F2262#F8109,2555,1255,3814,0,73056,1522,9738
F3220#F8109,2745,1364,4113,0,73104,1523,9738
F9215#F8109,3051,1316,4372,0,73248,1526,9738
F6789#F8109,3047,1322,4374,0,73296,1527,9738
F7649#F8109,3221,1277,4509,0,73344,1528,9738
F8696#F8109,3095,1269,4370,0,73392,1529,9738
F2710#F8109,3176,1335,4516,0,73488,1531,9738
F1715#F8109,3205,1250,4460,0,73536,1532,9738
F4268#F8109,2867,1403,4275,0,73584,1533,9738
F6931#F8109,2840,1434,4279,0,73632,1534,9738
F2078#F8109,2692,1300,3997,0,73680,1535,9738
F2607#F8109,2543,1290,3837,0,73776,1537,9738
F6499#F8109,2755,1279,4039,0,73824,1538,9738
F8406#F8109,2870,1276,4150,0,73968,1541,9738
F9237#F8109,2786,1287,4079,0,74064,1543,9738
F4081#F8109,3017,1299,4320,0,74112,1544,9738
F4112#F8109,2902,1268,4174,0,74208,1546,9738
F3868#F8109,2744,1325,4074,0,74256,1547,9738
F8033#F8109,3973,1453,5429,0,74304,1548,9738
F5360#F8109,2749,1282,4035,0,74352,1549,9738
F8601#F8109,2976,1255,4240,0,74448,1551,9738
F8968#F8109,2810,1322,4136,0,74544,1553,9738
F3313#F8109,2890,1366,4261,0,74640,1555,9738
F1721#F8109,3894,1375,5273,0,74880,1560,9738
F3666#F8109,3328,1316,4651,0,74976,1562,9738
F5101#F8109,3486,1315,4806,0,75024,1563,9738
F8761#F8109,3108,1349,4461,0,75120,1565,9738
F1711#F8109,3360,1357,4722,0,75168,1566,9738
F4083#F8109,3183,1304,4493,0,75264,1568,9738
F6348#F8109,3013,1302,4330,0,75312,1569,9738
F5845#F8109,2873,1274,4151,0,75360,1570,9738
F4890#F8109,2814,1311,4130,0,75408,1571,9738
F1704#F8109,2886,1297,4189,0,75504,1573,9738
F8532#F8109,2721,1306,4031,0,75648,1576,9738
F3799#F8109,2742,1424,4170,0,75696,1577,9738
F5325#F8109,3050,1360,4416,0,75888,1581,9738
F8241#F8109,3073,1310,4388,0,75984,1583,9738
F4456#F8109,3010,1319,4334,0,76128,1586,9738
F3944#F8109,2898,1357,4265,0,76224,1588,9738
F3440#F8109,2706,1331,4048,0,76464,1593,9738
F6532#F8109,2928,1320,4252,0,76656,1597,9738
F0#F8109,2677,1439,4120,0,76752,1599,9738
F2566#F8109,2921,1299,4226,0,76800,1600,9738
F5402#F8109,2965,1328,4299,0,76944,1603,9738
F7496#F8109,2742,1348,4096,0,76992,1604,9738
F237#F8109,2896,1320,4220,0,77136,1607,9738
F2592#F8109,2972,1368,4345,0,77184,1608,9738
F1469#F8109,2999,1304,4309,0,77328,1611,9738
F7833#F8109,3006,1354,4366,0,77376,1612,9738
F3510#F8109,3174,1336,4516,0,77472,1614,9738
F1896#F8109,3217,1350,4571,0,77520,1615,9738
F7231#F8109,2928,1381,4313,0,77616,1617,9738
F4197#F8109,2987,1419,4411,0,77712,1619,9738
F3159#F8109,3205,1380,4591,0,77760,1620,9738
F8213#F8109,2939,1346,4291,0,77808,1621,9738
F6638#F8109,3117,1350,4471,0,77856,1622,9738
F2577#F8109,3152,1426,4583,0,78096,1627,9738
F3673#F8109,3128,1387,4519,0,78192,1629,9738
F9070#F8109,3122,1438,4565,0,78240,1630,9738
F3091#F8109,3135,1331,4470,0,78288,1631,9738
F4985#F8109,3113,1346,4466,0,78576,1637,9738
F6391#F8109,3207,1326,4537,0,78672,1639,9738
F701#F8109,3011,1382,4398,0,78816,1642,9738
F148#F8109,2869,1408,4281,0,79056,1647,9738
F5408#F8109,3088,1381,4474,0,79152,1649,9738
F5529#F8109,3235,1371,4612,0,79200,1650,9738
F7121#F8109,3155,1426,4585,0,79296,1652,9738
F4964#F8109,3184,2310,5498,0,79344,1653,9738
F6925#F8109,3677,1414,5097,0,79536,1657,9738
F6267#F8109,3162,1369,4537,0,79728,1661,9738
F3461#F8109,3509,1733,5246,0,80064,1668,9738
F9081#F8109,3683,1573,5261,0,80160,1670,9738
F8937#F8109,3341,1440,4786,0,80208,1671,9738
F2014#F8109,3115,1398,4519,0,80304,1673,9738
F9405#F8109,3248,1403,4657,0,80352,1674,9738
F9612#F8109,3106,1418,4530,0,80400,1675,9738
F8659#F8109,4641,2065,6711,0,80496,1677,9738
F6220#F8109,16996,2155,19157,0,80640,1680,9738
F227#F8109,18929,3036,21969,0,80688,1681,9738
F4752#F8109,16499,2883,19390,0,81072,1689,9738
F9484#F8109,18798,2545,21348,0,81120,1690,9738
F8433#F8109,20047,2600,22654,0,81216,1692,9738
F3694#F8109,18696,3218,21921,0,81264,1693,9738
F4165#F8109,20035,3077,23117,0,81408,1696,9738
F9473#F8109,22059,3838,25902,0,81504,1698,9738
F3352#F8109,21935,2909,24849,0,81552,1699,9738
F801#F8109,25313,4512,29829,0,81600,1700,9738
F4195#F8109,25087,4362,29456,0,81648,1701,9738
F9590#F8109,29798,3704,33507,0,81792,1704,9738
F139#F8109,37710,5317,43032,0,81936,1707,9738
F9509#F8109,32603,4245,36853,0,82128,1711,9738
F2872#F8109,37231,5690,42925,0,82464,1718,9738
F3191#F8109,32228,4532,36765,0,82560,1720,9738
F151#F8109,32206,5508,37721,0,82704,1723,9738
F2067#F8109,30806,5815,36626,0,82800,1725,9738
F1308#F8109,30125,3560,33690,0,82848,1726,9738
F689#F8109,32419,3561,35986,0,82944,1728,9738
F5085#F8109,37277,5769,43053,0,83040,1730,9738
F8969#F8109,32047,6911,38964,0,83136,1732,9738
F9610#F8109,32049,3942,35996,0,83280,1735,9738
F1069#F8109,35264,6911,42182,0,83424,1738,9738
F1090#F8109,35255,4006,39268,0,83712,1744,9738
F7415#F8109,35193,4984,40182,0,83952,1749,9738
F9797#F8109,30219,1431,31654,0,84144,1753,9738
F5975#F8109,4047,1484,5537,0,84192,1754,9738
F651#F8109,3516,1409,4935,0,84240,1755,9738
F8333#F8109,3357,1449,4811,0,84336,1757,9738
F4671#F8109,3446,1418,4869,0,84432,1759,9738
F6811#F8109,3498,1405,4909,0,84480,1760,9738
F8456#F8109,3428,1456,4889,0,84672,1764,9738
F1680#F8109,3579,1422,5007,0,84816,1767,9738
F4129#F8109,3672,1435,5111,0,84912,1769,9738
F6949#F8109,3725,1463,5193,0,84960,1770,9738
F5021#F8109,3445,1472,4923,0,85056,1772,9738
F8072#F8109,3780,1425,5212,0,85104,1773,9738
F898#F8109,3547,1475,5027,0,85200,1775,9738
F7757#F8109,3574,1433,5013,0,85344,1778,9738
F2359#F8109,3815,1483,5304,0,85392,1779,9738
F76#F8109,3636,1537,5179,0,85440,1780,9738
F4994#F8109,3505,1439,4949,0,85536,1782,9738
F585#F8109,3558,1428,4996,0,85728,1786,9738
F4676#F8109,3695,1454,5154,0,85824,1788,9738
F8734#F8109,3684,1488,5184,0,86160,1795,9738
F2223#F8109,3535,1502,5041,0,86208,1796,9738
F5646#F8109,3815,1641,5461,0,86352,1799,9738
F8163#F8109,3578,1797,5379,0,86496,1802,9738
F289#F8109,3855,1506,5368,0,86544,1803,9738
F7819#F8109,3708,1448,5163,0,86736,1807,9738
F2461#F8109,4017,1526,5549,0,86784,1808,9738
F3516#F8109,4128,1458,5594,0,86928,1811,9738
F8549#F8109,3828,1530,5363,0,87120,1815,9738
F4134#F8109,3949,1471,5426,0,87168,1816,9738
F2555#F8109,4390,1444,5838,0,87312,1819,9738
F7841#F8109,3753,1449,5209,0,87504,1823,9738
F8710#F8109,3968,1480,5452,0,87552,1824,9738
F1456#F8109,4492,1508,6008,0,87744,1828,9738
F4051#F8109,3883,1526,5415,0,87792,1829,9738
F5290#F8109,3939,1486,5430,0,87840,1830,9738
F5142#F8109,4086,1527,5618,0,87888,1831,9738
F8353#F8109,4199,1467,5670,0,87984,1833,9738
F3989#F8109,3966,1458,5429,0,88368,1841,9738
F733#F8109,3938,1459,5403,0,88416,1842,9738
F1449#F8109,3733,1459,5198,0,88464,1843,9738
F4610#F8109,3782,1515,5303,0,88512,1844,9738
F2302#F8109,3959,1794,5757,0,88992,1854,9738
F7838#F8109,3860,1467,5334,0,89088,1856,9738
F6081#F8109,3995,1493,5493,0,89328,1861,9738
F4939#F8109,4212,1474,5692,0,89376,1862,9738
F3485#F8109,4192,1532,5728,0,89712,1869,9738
F1644#F8109,4126,1476,5611,0,89952,1874,9738
F2627#F8109,4194,1483,5681,0,90048,1876,9738
F112#F8109,4349,1557,5912,0,90096,1877,9738
F5459#F8109,4045,1491,5542,0,90144,1878,9738
F4856#F8109,4128,1579,5712,0,90384,1883,9738
F8392#F8109,3991,1498,5498,0,90432,1884,9738
F9730#F8109,4140,1513,5657,0,90672,1889,9738
F3651#F8109,3945,1497,5448,0,90768,1891,9738
F7727#F8109,4208,1523,5736,0,90816,1892,9738
F7139#F8109,4242,1503,5753,0,91152,1899,9738
F6751#F8109,4134,1513,5651,0,91344,1903,9738
F4575#F8109,3940,1499,5444,0,91536,1907,9738
F2615#F8109,4136,1568,5717,0,91632,1909,9738
F7963#F8109,4094,1542,5641,0,91680,1910,9738
F181#F8109,4383,1537,5925,0,92112,1919,9738
F5921#F8109,4364,1522,5891,0,92448,1926,9738
F5542#F8109,4045,1592,5641,0,92544,1928,9738
F2982#F8109,4346,1605,5955,0,92736,1932,9738
F8204#F8109,4064,1539,5607,0,92784,1933,9738
F2873#F8109,4399,1542,5945,0,92832,1934,9738
F6080#F8109,4263,1527,5796,0,92880,1935,9738
F6027#F8109,4285,1534,5825,0,92928,1936,9738
F1499#F8109,4190,1565,5759,0,93216,1942,9738
F3493#F8109,4438,1558,6003,0,93360,1945,9738
F5910#F8109,4190,1532,5728,0,93408,1946,9738
F1112#F8109,4301,1554,5861,0,93552,1949,9738
F2107#F8109,4208,1546,5758,0,93600,1950,9738
F9998#F8109,4108,1607,5720,0,93648,1951,9738
F8892#F8109,4440,1619,6068,0,93744,1953,9738
F9144#F8109,4196,1558,5759,0,93936,1957,9738
F7052#F8109,4013,1554,5573,0,93984,1958,9738
F2068#F8109,4127,1572,5706,0,94368,1966,9738
F7889#F8109,4165,1664,5832,0,94560,1970,9738
F5062#F8109,4189,1571,5766,0,94704,1973,9738
F1287#F8109,4240,1626,5871,0,95040,1980,9738
F7825#F8109,4410,1580,5995,0,95232,1984,9738
F8555#F8109,4323,1637,5974,0,95280,1985,9738
F1030#F8109,4324,1576,5906,0,95712,1994,9738
F5873#F8109,4357,1598,5962,0,95808,1996,9738
F4678#F8109,4214,1587,5806,0,95856,1997,9738
F69#F8109,4170,1577,5755,0,95952,1999,9738
F8506#F8109,4176,1599,5782,0,96144,2003,9738
F9116#F8109,4287,1646,5938,0,96288,2006,9738
F7183#F8109,4253,1604,5864,0,96672,2014,9738
F975#F8109,4213,1646,5865,0,97440,2030,9738
F6403#F8109,4242,1635,5885,0,97488,2031,9738
F7277#F8109,4270,1667,5945,0,97584,2033,9738
F5331#F8109,4196,1654,5854,0,98064,2043,9738
F4821#F8109,4315,1636,5956,0,98112,2044,9738
F4860#F8109,4160,1639,5804,0,98304,2048,9738
F4181#F8109,4325,1640,5971,0,98352,2049,9738
F7776#F8109,4412,1716,6136,0,98544,2053,9738
F8090#F8109,4494,1697,6196,0,98592,2054,9738
F6144#F8109,4254,1686,5945,0,98640,2055,9738
F7316#F8109,4310,1732,6048,0,98784,2058,9738
F7722#F8109,4490,1735,6230,0,98928,2061,9738
F8909#F8109,4372,1667,6044,0,98976,2062,9738
F240#F8109,4294,1680,5979,0,99312,2069,9738
F4910#F8109,4362,1658,6026,0,99456,2072,9738
F4093#F8109,4389,1723,6118,0,99504,2073,9738
F9775#F8109,4218,1700,5923,0,99552,2074,9738
F3706#F8109,4315,1674,5994,0,99744,2078,9738
F5527#F8109,4280,1674,5960,0,100080,2085,9738
F1727#F8109,4312,1670,5989,0,100464,2093,9738
F4978#F8109,4282,1730,6018,0,100512,2094,9738
F6281#F8109,4333,1673,6012,0,100608,2096,9738
F4880#F8109,4280,1691,5977,0,100704,2098,9738
F7413#F8109,4295,1681,5980,0,100752,2099,9738
F5072#F8109,4424,1768,6200,0,100800,2100,9738
F2385#F8109,4415,1702,6122,0,100992,2104,9738
F1986#F8109,4340,1745,6089,0,101424,2113,9738
F2987#F8109,4603,1918,6530,0,101520,2115,9738
F9899#F8109,4548,2073,6627,0,101760,2120,9738
F6865#F8109,4376,1840,6222,0,102000,2125,9738
F4499#F8109,4353,1831,6192,0,102096,2127,9738
F6977#F8109,4952,2021,6980,0,102288,2131,9738
F536#F8109,4337,1880,6222,0,102480,2135,9738
F9086#F8109,4605,1727,6339,0,102624,2138,9738
F4581#F8109,4684,1773,6468,0,102720,2140,9738
F3103#F8109,4901,1793,6699,0,102912,2144,9738
F9835#F8109,4829,1760,6594,0,103008,2146,9738
F1675#F8109,4658,1706,6370,0,103104,2148,9738
F5146#F8109,4307,1656,5969,0,103152,2149,9738
F8485#F8109,4226,1690,5921,0,103200,2150,9738
F7933#F8109,4386,1680,6071,0,103344,2153,9738
F4038#F8109,4299,1648,5954,0,103392,2154,9738
F6755#F8109,4258,1643,5909,0,103488,2156,9738
F4086#F8109,4425,1693,6123,0,103536,2157,9738
F2415#F8109,4304,1648,5966,0,103728,2161,9738
F827#F8109,4281,1660,5948,0,103824,2163,9738
F9043#F8109,4369,1723,6098,0,103872,2164,9738
F844#F8109,4275,1705,5984,0,103920,2165,9738
F8873#F8109,4574,1694,6278,0,104256,2172,9738
F6448#F8109,4477,1682,6164,0,104352,2174,9738
F3679#F8109,4438,1697,6139,0,104928,2186,9738
F2804#F8109,8653,4010,12670,0,105024,2188,9738
F2283#F8109,5674,4280,9962,0,105072,2189,9738
F6360#F8109,5898,4607,10515,0,105264,2193,9738
F4340#F8109,6003,4004,10016,0,105408,2196,9738
F2968#F8109,5888,4099,9998,0,105888,2206,9738
F1436#F8109,5980,4138,10128,0,105936,2207,9738
F999#F8109,6487,3316,9813,0,106176,2212,9738
F6557#F8109,5157,2363,7525,0,106224,2213,9738
F1092#F8109,6550,2504,9067,0,106416,2217,9738
F1261#F8109,7149,2793,9952,0,106560,2220,9738
F6513#F8109,7679,3634,11329,0,106656,2222,9738
F8807#F8109,7364,3325,10703,0,106752,2224,9738
F8301#F8109,7262,3076,10352,0,106800,2225,9738
F4066#F8109,6951,3364,10328,0,107232,2234,9738
F8078#F8109,7076,3267,10356,0,107376,2237,9738
F4145#F8109,7411,3286,10709,0,107712,2244,9738
F4732#F8109,7979,3215,11212,0,108096,2252,9738
F6157#F8109,7359,3338,10708,0,108144,2253,9738
F158#F8109,7798,3297,11106,0,108336,2257,9738
F3638#F8109,7219,3400,10632,0,108624,2263,9738
F7411#F8109,7577,3196,10786,0,108720,2265,9738
F6623#F8109,7247,3487,10747,0,108864,2268,9738
F9436#F8109,7200,3280,10495,0,108960,2270,9738
F8654#F8109,7131,3386,10531,0,109392,2279,9738
F3121#F8109,7487,3508,11009,0,109680,2285,9738
F2124#F8109,6650,3450,10114,0,109776,2287,9738
F5012#F8109,7073,3522,10609,0,109872,2289,9738
F568#F8109,6887,3377,10276,0,110256,2297,9738
F8069#F8109,7049,3426,10490,0,110544,2303,9738
F434#F8109,7023,3645,10683,0,110640,2305,9738
F2641#F8109,6842,3368,10225,0,110784,2308,9738
F7920#F8109,6757,3664,10436,0,110928,2311,9738
F9857#F8109,6780,3667,10464,0,111552,2324,9738
F4508#F8109,175847,4985,180840,0,111600,2325,9738
F1316#F8109,121824,1955,123785,0,111888,2331,9738
F6156#F8109,4881,1899,6792,0,112128,2336,9738
F1100#F8109,8334,1957,10298,0,112464,2343,9738
F3993#F8109,4933,1939,6877,0,112752,2349,9738
F3509#F8109,4900,1956,6862,0,113472,2364,9738
F424#F8109,5902,1889,7798,0,113664,2368,9738
F7393#F8109,4781,1907,6696,0,113808,2371,9738
F4388#F8109,4920,1921,6848,0,114096,2377,9738
F8837#F8109,5487,1939,7433,0,114624,2388,9738
F9629#F8109,5103,1982,7090,0,115104,2398,9738
F4408#F8109,4755,1944,6704,0,115536,2407,9738
F3790#F8109,5009,2836,7851,0,115584,2408,9738
F6915#F8109,13024,3547,16576,0,115920,2415,9738
F1136#F8109,14078,3987,18070,0,116064,2418,9738
F147#F8109,9304,3450,12762,0,116304,2423,9738
F1950#F8109,14072,3315,17395,0,116400,2425,9738
F9768#F8109,7403,2834,10243,0,116688,2431,9738
F8781#F8109,11582,3227,14814,0,116880,2435,9738
F2600#F8109,8492,1958,10455,0,116976,2437,9738
F3849#F8109,5384,1969,7360,0,117744,2453,9738
F7255#F8109,5716,1987,7713,0,118032,2459,9738
F947#F8109,9741,2302,12049,0,118080,2460,9738
F4067#F8109,12988,3240,16235,0,118320,2465,9738
F2184#F8109,9934,2014,11956,0,118416,2467,9738
F6171#F8109,7785,3358,11150,0,118704,2473,9738
F4118#F8109,8685,2883,11577,0,119280,2485,9738
F7291#F8109,7476,2063,9545,0,119376,2487,9738
F8502#F8109,5137,2114,7256,0,119712,2494,9738
F7867#F8109,7408,2078,9494,0,119856,2497,9738
F6299#F8109,10500,2517,13023,0,120480,2510,9738
F3591#F8109,12585,3668,16259,0,121056,2522,9738
F508#F8109,10156,3154,13317,0,121104,2523,9738
F6657#F8109,12255,3908,16169,0,123552,2574,9738
F8105#F8109,12546,2174,14726,0,123792,2579,9738
F417#F8109,10050,3562,13618,0,124080,2585,9738
F5867#F8109,9765,3605,13375,0,124704,2598,9738
F3658#F8109,8983,3037,12027,0,124848,2601,9738
F7990#F8109,9264,3605,12875,0,124944,2603,9738
F329#F8109,9354,3053,12412,0,125184,2608,9738
F3460#F8109,10705,3316,14028,0,125280,2610,9738
F4933#F8109,9182,2115,11304,0,125568,2616,9738
F5863#F8109,8475,2091,10571,0,125664,2618,9738
F2002#F8109,8237,2225,10468,0,125808,2621,9738
F9085#F8109,7824,3583,11414,0,126048,2626,9738
F4927#F8109,9281,2812,12099,0,126624,2638,9738
F5461#F8109,5121,2112,7239,0,126720,2640,9738
F2112#F8109,5699,2145,7850,0,127104,2648,9738
F4146#F8109,5530,2141,7678,0,127392,2654,9738
F922#F8109,5914,2150,8070,0,127680,2660,9738
F2545#F8109,5698,2305,8008,0,128976,2687,9738
F186#F8109,6008,2641,8657,0,129216,2692,9738
F7739#F8109,5631,2189,7825,0,129360,2695,9738
F8736#F8109,5560,2193,7762,0,129600,2700,9738
F6306#F8109,5630,2212,7849,0,129696,2702,9738
F2868#F8109,5689,2244,7939,0,130464,2718,9738
F9663#F8109,5503,2184,7695,0,130896,2727,9738
F6373#F8109,6030,2229,8266,0,131232,2734,9738
F9871#F8109,6041,2234,8282,0,131616,2742,9738
F8113#F8109,5934,2373,8313,0,131760,2745,9738
F7487#F8109,5533,2195,7736,0,131952,2749,9738
F8878#F8109,6185,2319,8510,0,132096,2752,9738
F7507#F8109,5832,2587,8426,0,132144,2753,9738
F1007#F8109,5861,2220,8087,0,132384,2758,9738
F6208#F8109,5679,2303,7989,0,132768,2766,9738
F7132#F8109,5976,2364,8346,0,132864,2768,9738
F3085#F8109,5783,2518,8307,0,132960,2770,9738
F1142#F8109,6074,2423,8505,0,133152,2774,9738
F8721#F8109,5970,2317,8293,0,133296,2777,9738
F2866#F8109,5877,2411,8294,0,133776,2787,9738
F8527#F8109,5824,2422,8252,0,134112,2794,9738
F6995#F8109,6085,2394,8488,0,134928,2811,9738
F6003#F8109,5834,2546,8390,0,135120,2815,9738
F8012#F8109,6369,2451,8830,0,135840,2830,9738
F2416#F8109,5726,2896,8630,0,136224,2838,9738
F114#F8109,5853,2595,8455,0,136752,2849,9738
F4760#F8109,6150,2487,8644,0,136944,2853,9738
F1437#F8109,6071,2322,8402,0,136992,2854,9738
F6834#F8109,5980,2387,8373,0,137136,2857,9738
F6058#F8109,5700,2339,8045,0,137568,2866,9738
F8951#F8109,5900,2364,8269,0,138240,2880,9738
F9449#F8109,5960,2382,8348,0,138624,2888,9738
F8320#F8109,5846,2378,8230,0,139200,2900,9738
F9915#F8109,6313,2465,8786,0,139536,2907,9738
F1468#F8109,5920,2422,8349,0,140352,2924,9738
F5162#F8109,6163,2382,8552,0,140544,2928,9738
F1795#F8109,6420,2504,8930,0,140784,2933,9738
F3348#F8109,6008,2456,8471,0,140832,2934,9738
F4962#F8109,6283,2410,8700,0,141024,2938,9738
F3108#F8109,6757,2457,9220,0,141600,2950,9738
F5671#F8109,5875,2416,8301,0,141696,2952,9738
F335#F8109,6180,2377,8563,0,141744,2953,9738
F9448#F8109,6080,2510,8597,0,142032,2959,9738
F2860#F8109,6344,2458,8815,0,142128,2961,9738
F4007#F8109,5884,2540,8430,0,142416,2967,9738
F9337#F8109,5970,2459,8436,0,142512,2969,9738
F8062#F8109,6741,2447,9197,0,143184,2983,9738
F7985#F8109,5896,2739,8642,0,143232,2984,9738
F5762#F8109,6798,2444,9255,0,143616,2992,9738
F8254#F8109,6584,2506,9098,0,145680,3035,9738
F9880#F8109,6791,2510,9307,0,146880,3060,9738
F5036#F8109,6483,2474,8964,0,147216,3067,9738
F5523#F8109,6443,2517,8969,0,147840,3080,9738
F5864#F8109,6673,2508,9194,0,148320,3090,9738
F5160#F8109,6775,2572,9354,0,148368,3091,9738
F994#F8109,6655,2520,9186,0,148752,3099,9738
F6310#F8109,7166,2626,9798,0,150192,3129,9738
F556#F8109,6609,2564,9184,0,151152,3149,9738
F7883#F8109,6744,2693,9445,0,151488,3156,9738
F4337#F8109,6773,2629,9410,0,152928,3186,9738
F2210#F8109,6718,2682,9406,0,153168,3191,9738
F4845#F8109,6784,2715,9505,0,153744,3203,9738
F7879#F8109,6717,2649,9375,0,154272,3214,9738
F4681#F8109,7630,2677,10315,0,154704,3223,9738
F2811#F8109,6872,2678,9558,0,155040,3230,9738
F3283#F8109,7040,2667,9717,0,155136,3232,9738
F3236#F8109,7410,2659,10078,0,155184,3233,9738
F5400#F8109,7211,2713,9932,0,156000,3250,9738
F2844#F8109,7140,2674,9821,0,156864,3268,9738
F3062#F8109,7372,2705,10085,0,157392,3279,9738
F5276#F8109,7264,2712,9983,0,158016,3292,9738
F3157#F8109,7666,2748,10423,0,158688,3306,9738
F4956#F8109,6873,2754,9639,0,160368,3341,9738
F5020#F8109,7114,2778,9905,0,160416,3342,9738
F8607#F8109,6999,2780,9787,0,162768,3391,9738
F6568#F8109,7246,2817,10070,0,163680,3410,9738
F2892#F8109,7267,2865,10138,0,163728,3411,9738
F7412#F8109,7708,3120,10838,0,165792,3454,9738
F7237#F8109,7016,3096,10122,0,166944,3478,9738
F7428#F8109,7628,3304,10942,0,167040,3480,9738
F8495#F8109,7529,2912,10451,0,168048,3501,9738
F6562#F8109,7962,3523,11492,0,168240,3505,9738
F9094#F8109,7679,2927,10613,0,170304,3548,9738
F9748#F8109,6959,2964,9933,0,171216,3567,9738
F5272#F8109,47510,12584,60102,0,172080,3585,9738
F1122#F8109,82847,14188,97043,0,175152,3649,9738
F1091#F8109,93611,12752,106371,0,175776,3662,9738
F6615#F8109,44913,3153,48073,0,177120,3690,9738
F4767#F8109,8378,2889,11276,0,177648,3701,9738
F7495#F8109,7688,2979,10674,0,179472,3739,9738
F1438#F8109,7621,2931,10561,0,179808,3746,9738
F5297#F8109,7790,2944,10743,0,180000,3750,9738
F9545#F8109,7602,3032,10643,0,180144,3753,9738
F9015#F8109,7965,3082,11053,0,185808,3871,9738
F9220#F8109,7996,3076,11079,0,186672,3889,9738
F8350#F8109,7781,3123,10913,0,187728,3911,9738
F192#F8109,8155,3154,11318,0,189792,3954,9738
F1823#F8109,8244,3166,11421,0,189936,3957,9738
F7498#F8109,8206,3253,11466,0,189984,3958,9738
F6722#F8109,8576,3666,12250,0,190272,3964,9738
F8125#F8109,8118,3417,11543,0,190944,3978,9738
F5137#F8109,8911,3213,12134,0,191712,3994,9738
F4414#F8109,8191,3269,11474,0,192384,4008,9738
F6731#F8109,8437,3367,11812,0,194736,4057,9738
F3737#F8109,8409,3410,11829,0,198288,4131,9738
F4383#F8109,9258,3349,12614,0,199296,4152,9738
F8566#F8109,8795,3365,12168,0,200736,4182,9738
F3223#F8109,8782,3394,12203,0,201264,4193,9738
F9872#F8109,9121,3392,12523,0,202512,4219,9738
F2454#F8109,9597,3427,13032,0,205776,4287,9738
F1027#F8109,8955,3476,12443,0,207072,4314,9738
F7577#F8109,9349,3612,12969,0,208752,4349,9738
F9172#F8109,9216,3569,12794,0,209280,4360,9738
F1601#F8109,9901,3569,13480,0,211392,4404,9738
F6775#F8109,9193,3520,12722,0,211536,4407,9738
F6907#F8109,10263,3648,13921,0,216096,4502,9738
F8295#F8109,9826,3694,13527,0,218832,4559,9738
F8805#F8109,9386,3772,13167,0,224112,4669,9738
F859#F8109,9811,3790,13611,0,227376,4737,9738
F5755#F8109,10094,3903,14008,0,231168,4816,9738
F5223#F8109,10528,4024,14569,0,237552,4949,9738
F8478#F8109,10162,3992,14166,0,238416,4967,9738
F4367#F8109,11080,4226,15315,0,245904,5123,9738
F1324#F8109,10872,4226,15108,0,250128,5211,9738
F2146#F8109,11277,4189,15478,0,250560,5220,9738
F756#F8109,11203,4251,15472,0,264672,5514,9738
F4844#F8109,11194,4278,15486,0,265632,5534,9738
F6180#F8109,11271,4382,15664,0,270144,5628,9738
F2823#F8109,11784,4365,16166,0,273552,5699,9738
F8305#F8109,11184,4562,15758,0,278400,5800,9738
F1440#F8109,11922,4526,16461,0,282912,5894,9738
F5372#F8109,11481,4601,16098,0,284736,5932,9738
F749#F8109,11423,4562,15997,0,285696,5952,9738
F8458#F8109,11707,4702,16420,0,290208,6046,9738
F4734#F8109,11726,4755,16498,0,290736,6057,9738
F6526#F8109,12184,5076,17272,0,296352,6174,9738
F9984#F8109,12472,4984,17473,0,298368,6216,9738
F6807#F8109,12218,5008,17240,0,301728,6286,9738
F4215#F8109,12062,5404,17478,0,304800,6350,9738
F8469#F8109,12370,4954,17341,0,305088,6356,9738
F3834#F8109,12842,5007,17862,0,306096,6377,9738
F6821#F8109,12617,5239,17869,0,322752,6724,9738
F6275#F8109,13342,5442,18808,0,330960,6895,9738
F2154#F8109,13986,5842,19841,0,352464,7343,9738
F4084#F8109,14870,6045,20931,0,372096,7752,9738
F7908#F8109,15425,6415,21857,0,395232,8234,9738
F7726#F8109,20187,11058,31284,0,403440,8405,9738
F2683#F8109,29832,11395,41264,0,405648,8451,9738
F2143#F8109,20441,10789,31268,0,411552,8574,9738
F8476#F8109,24177,10357,34582,0,431616,8992,9738
F8109#F8109,28267,11751,40074,0,467424,9738,9738
