keyword,clientTime,serverTime,totalTime,resultLength,payloadSize,w1,w2
F19998#F16238,195,91,289,0,400,10,37
F19998#F16235,84,95,181,0,400,10,38
F19998#F16214,90,48,140,0,400,10,39
F19998#F16208,67,53,122,0,400,10,40
F19998#F16184,87,79,168,0,400,10,41
F19998#F16130,69,104,175,0,400,10,42
F19998#F16090,56,72,130,0,400,10,43
F19998#F16023,59,77,138,0,400,10,44
F19998#F15924,50,65,116,0,400,10,45
F19998#F15885,53,54,108,0,400,10,46
F19998#F15849,51,67,120,0,400,10,47
F19998#F15747,58,70,130,0,400,10,48
F19998#F15700,52,70,123,0,400,10,49
F19998#F15569,49,64,114,0,400,10,50
F19998#F15547,52,65,118,0,400,10,51
F19998#F15477,60,48,109,0,400,10,52
F19998#F15415,51,73,124,0,400,10,53
F19998#F15343,57,85,143,0,400,10,54
F19998#F15199,71,49,122,0,400,10,55
F19998#F15114,68,75,144,0,400,10,56
F19998#F15029,72,79,152,0,400,10,57
F19998#F15003,49,71,121,0,400,10,58
F19998#F14877,48,72,121,0,400,10,59
F19998#F14805,49,71,121,0,400,10,60
F19998#F14736,47,74,123,0,400,10,61
F19998#F14645,54,45,100,0,400,10,62
F19998#F14621,88,84,174,0,400,10,63
F19998#F14498,53,40,94,0,400,10,64
F19998#F14396,52,78,132,0,400,10,65
F19998#F14377,64,36,102,0,400,10,66
F19998#F14270,53,67,122,0,400,10,67
F19998#F14173,51,76,129,0,400,10,68
F19998#F14061,51,76,128,0,400,10,69
F19998#F13990,77,42,120,0,400,10,70
F19998#F13973,53,70,124,0,400,10,71
F19998#F13834,58,64,123,0,400,10,72
F19998#F13757,47,38,85,0,400,10,73
F19998#F13740,55,87,143,0,400,10,74
F19998#F13640,58,78,137,0,400,10,75
F19998#F13574,47,67,116,0,400,10,76
F19998#F13494,46,77,124,0,400,10,77
F19998#F13434,72,38,111,0,400,10,78
F19998#F13361,56,33,90,0,400,10,79
F19998#F13313,48,72,121,0,400,10,80
F19998#F13182,45,71,117,0,400,10,81
F19998#F13093,87,38,126,0,400,10,82
F19998#F13082,51,85,138,0,400,10,83
F19998#F13005,54,76,132,0,400,10,84
F19998#F12930,53,82,136,0,400,10,85
F19998#F12893,59,42,102,0,400,10,86
F19998#F12810,67,67,136,0,400,10,87
F19998#F12745,50,73,124,0,400,10,88
F19998#F12626,65,66,132,0,400,10,89
F19998#F12547,49,66,116,0,400,10,90
F19998#F12523,73,212,286,0,400,10,91
F19998#F12401,251,171,424,0,400,10,92
F19998#F12337,66,68,135,0,400,10,93
F19998#F12284,93,89,183,0,400,10,94
F19998#F12231,55,66,123,0,400,10,95
F19998#F12103,53,43,97,0,400,10,96
F19998#F12020,103,74,178,0,400,10,97
F19998#F11994,52,72,125,0,400,10,98
F19998#F11907,94,76,171,0,400,10,99
F19998#F11843,58,71,129,0,400,10,100
F19998#F11784,52,78,131,0,400,10,101
F19998#F11768,50,61,113,0,400,10,102
F19998#F11701,49,54,104,0,400,10,103
F19998#F11646,56,45,102,0,400,10,104
F19998#F11583,48,81,130,0,400,10,105
F19998#F11512,48,59,108,0,400,10,106
F19998#F11426,51,72,125,0,400,10,107
F19998#F11379,46,75,122,0,400,10,108
F19998#F11334,50,62,113,0,400,10,109
F19998#F11220,58,67,126,0,400,10,110
F19998#F11134,55,63,119,0,400,10,111
F19998#F11048,51,41,93,0,400,10,112
F19998#F11011,49,86,135,0,400,10,113
F19998#F10940,53,78,132,0,400,10,114
F19998#F10916,49,74,125,0,400,10,115
F19998#F10815,55,87,143,0,400,10,116
F19998#F10780,50,72,123,0,400,10,117
F19998#F10738,50,67,118,0,400,10,118
F19998#F10630,59,89,150,0,400,10,119
F19998#F10622,62,77,140,0,400,10,120
F19998#F10552,53,77,131,0,400,10,121
F19998#F10454,61,38,101,0,400,10,122
F19998#F10413,90,77,169,0,400,10,123
F19998#F10362,52,70,123,0,400,10,124
F19998#F10306,50,69,120,0,400,10,125
F19998#F10226,52,84,138,0,400,10,126
F19998#F10177,100,62,162,0,400,10,127
F19998#F10108,57,76,134,0,400,10,128
F19998#F10044,51,73,125,0,400,10,129
F19998#F10035,89,80,170,0,400,10,130
F19998#F9978,57,38,96,0,400,10,131
F19998#F9916,55,65,121,0,400,10,132
F19998#F9872,52,41,95,0,400,10,133
F19998#F9779,49,78,128,0,400,10,134
F19998#F9774,49,60,110,0,400,10,135
F19998#F9692,100,63,164,0,400,10,136
F19998#F9644,57,68,126,0,400,10,137
F19998#F9570,52,44,97,0,400,10,138
F19998#F9522,46,63,110,0,400,10,139
F19998#F9501,50,66,116,0,400,10,140
F19998#F9411,54,68,123,0,400,10,141
F19998#F9379,47,69,118,0,400,10,142
F19998#F9330,48,39,88,0,400,10,143
F19998#F9283,50,72,123,0,400,10,144
F19998#F9252,45,75,121,0,400,10,145
F19998#F9204,51,39,91,0,400,10,146
F19998#F9126,48,36,85,0,400,10,147
F19998#F9093,49,71,121,0,400,10,148
F19998#F9029,52,69,123,0,400,10,149
F19998#F8952,45,66,112,0,400,10,150
F19998#F8913,46,70,117,0,400,10,151
F19998#F8877,50,36,87,0,400,10,152
F19998#F8831,48,75,124,0,400,10,153
F19998#F8798,49,79,129,0,400,10,154
F19998#F8754,57,58,116,0,400,10,155
F19998#F8716,56,64,122,0,400,10,156
F19998#F8648,51,79,131,0,400,10,157
F19998#F8637,50,37,88,0,400,10,158
F19998#F8593,66,37,104,0,400,10,159
F19998#F8536,50,76,126,0,400,10,160
F19998#F8501,48,70,119,0,400,10,161
F19998#F8435,52,75,128,0,400,10,162
F19998#F8407,50,81,133,0,400,10,163
F19998#F8312,49,75,125,0,400,10,164
F19998#F8251,54,80,134,0,400,10,165
F19998#F8226,51,78,131,0,400,10,166
F19998#F8185,52,79,132,0,400,10,167
F19998#F8157,59,70,130,0,400,10,168
F19998#F8081,53,79,133,0,400,10,169
F19998#F8066,50,76,127,0,400,10,170
F19998#F8026,52,60,113,0,400,10,171
F19998#F7966,55,68,124,0,400,10,172
F19998#F7911,53,83,137,0,400,10,173
F19998#F7888,59,73,133,0,400,10,174
F19998#F7847,45,71,117,0,400,10,175
F19998#F7811,48,33,83,0,400,10,176
F19998#F7747,46,39,87,0,400,10,177
F19998#F7737,47,75,123,0,400,10,178
F19998#F7681,64,58,123,0,400,10,179
F19998#F7667,94,70,166,0,400,10,180
F19998#F7595,71,70,143,0,400,10,181
F19998#F7556,74,62,138,0,400,10,182
F19998#F7515,57,59,118,0,400,10,183
F19998#F7474,49,40,90,0,400,10,184
F19998#F7446,47,77,125,0,400,10,185
F19998#F7393,49,75,125,0,400,10,186
F19998#F7352,48,81,130,0,400,10,187
F19998#F7344,50,80,131,0,400,10,188
F19998#F7302,51,40,93,0,400,10,189
F19998#F7261,49,73,124,0,400,10,190
F19998#F7230,51,70,122,0,400,10,191
F19998#F7189,44,33,78,0,400,10,192
F19998#F7172,52,60,112,0,400,10,193
F19998#F7136,52,77,130,0,400,10,194
F19998#F7074,51,34,87,0,400,10,195
F19998#F7021,48,85,135,0,400,10,196
F19998#F7007,52,69,123,0,400,10,197
F19998#F6947,51,69,121,0,400,10,198
F19998#F6930,51,33,85,0,400,10,199
F19998#F6882,53,80,134,0,400,10,200
F19998#F6853,51,65,116,0,400,10,201
F19998#F6826,56,36,92,0,400,10,202
F19998#F6766,50,63,114,0,400,10,203
F19998#F6717,50,76,128,0,400,10,204
F19998#F6701,54,54,109,0,400,10,205
F19998#F6657,49,77,127,0,400,10,206
F19998#F6623,52,83,136,0,400,10,207
F19998#F6588,54,38,93,0,400,10,208
F19998#F6550,48,72,120,0,400,10,209
F19998#F6510,48,76,125,0,400,10,210
F19998#F6480,62,64,128,0,400,10,211
F19998#F6449,58,64,124,0,400,10,212
F19998#F6415,87,43,131,0,400,10,213
F19998#F6398,54,37,93,0,400,10,214
F19998#F6355,52,83,136,0,400,10,215
F19998#F6330,54,73,129,0,400,10,216
F19998#F6276,50,42,93,0,400,10,217
F19998#F6256,45,74,120,0,400,10,218
F19998#F6231,57,66,126,0,400,10,219
F19998#F6210,56,38,95,0,400,10,220
F19998#F6176,56,60,117,0,400,10,221
F19998#F6158,53,39,93,0,400,10,222
F19998#F6106,47,79,126,0,400,10,223
F19998#F6070,48,73,122,0,400,10,224
F19998#F6064,58,36,96,0,400,10,225
F19998#F6019,52,64,117,0,400,10,226
F19998#F5972,52,78,131,0,400,10,227
F19998#F5940,47,71,120,0,400,10,228
F19998#F5923,51,73,125,0,400,10,229
F19998#F5908,56,74,131,0,400,10,230
F19998#F5876,50,77,128,0,400,10,231
F19998#F5857,47,65,113,0,400,10,232
F19998#F5835,56,57,115,0,400,10,233
F19998#F5783,46,72,120,0,400,10,234
F19998#F5774,53,65,119,0,400,10,235
F19998#F5736,54,61,117,0,400,10,236
F19998#F5706,50,78,130,0,400,10,237
F19998#F5679,48,79,129,0,400,10,238
F19998#F5642,52,67,120,0,400,10,239
F19998#F5615,50,65,117,0,400,10,240
F19998#F5600,51,81,134,0,400,10,241
F19998#F5583,49,72,123,0,400,10,242
F19998#F5565,55,92,148,0,400,10,243
F19998#F5538,54,73,128,0,400,10,244
F19998#F5503,53,70,124,0,400,10,245
F19998#F5485,58,78,138,0,400,10,246
F19998#F5473,59,69,130,0,400,10,247
F19998#F5444,52,52,105,0,400,10,248
F19998#F5401,52,43,96,0,400,10,249
F19998#F5391,66,114,181,0,400,10,250
F19998#F5362,164,135,301,0,400,10,251
F19998#F5349,187,39,228,0,400,10,252
F19998#F5321,101,76,178,0,400,10,253
F19998#F5285,61,70,132,0,400,10,254
F19998#F5269,54,88,143,0,400,10,255
F19998#F5254,52,78,132,0,400,10,256
F19998#F5230,48,75,125,0,400,10,257
F19998#F5200,87,78,166,0,400,10,258
F19998#F5183,59,63,123,0,400,10,259
F19998#F5164,53,35,89,0,400,10,260
F19998#F5149,54,90,145,0,400,10,261
F19998#F5112,94,77,172,0,400,10,262
F19998#F5095,56,40,97,0,400,10,263
F19998#F5086,57,67,126,0,400,10,264
F19998#F5050,53,76,130,0,400,10,265
F19998#F5029,53,64,118,0,400,10,266
F19998#F5010,52,81,134,0,400,10,267
F19998#F4998,51,71,124,0,400,10,268
F19998#F4985,105,39,145,0,400,10,269
F19998#F4954,50,83,134,0,400,10,270
F19998#F4920,49,75,126,0,400,10,271
F19998#F4917,49,77,127,0,400,10,272
F19998#F4872,56,59,116,0,400,10,273
F19998#F4867,51,68,120,0,400,10,274
F19998#F4842,58,74,134,0,400,10,275
F19998#F4822,53,74,129,0,400,10,276
F19998#F4798,54,82,138,0,400,10,277
F19998#F4775,55,36,92,0,400,10,278
F19998#F4759,54,38,93,0,400,10,279
F19998#F4739,54,67,123,0,400,10,280
F19998#F4709,53,73,128,0,400,10,281
F19998#F4684,88,46,135,0,400,10,282
F19998#F4670,56,81,139,0,400,10,283
F19998#F4656,91,74,166,0,400,10,284
F19998#F4634,51,41,94,0,400,10,285
F19998#F4628,54,40,96,0,400,10,286
F19998#F4614,46,78,125,1,400,10,287
F19998#F4578,56,103,160,0,400,10,288
F19998#F4561,62,46,110,0,400,10,289
F19998#F4545,53,96,151,0,400,10,290
F19998#F4536,54,83,138,0,400,10,291
F19998#F4524,91,85,177,0,400,10,292
F19998#F4510,95,33,129,0,400,10,293
F19998#F4479,45,84,131,0,400,10,294
F19998#F4450,48,66,116,0,400,10,295
F19998#F4436,49,38,88,0,400,10,296
F19998#F4426,50,72,123,0,400,10,297
F19998#F4397,67,59,127,0,400,10,298
F19998#F4392,52,65,118,0,400,10,299
F19998#F4368,48,87,136,0,400,10,300
F19998#F4345,52,78,131,0,400,10,301
F19998#F4337,49,56,107,0,400,10,302
F19998#F4317,48,75,125,0,400,10,303
F19998#F4310,51,69,121,0,400,10,304
F19998#F4289,50,82,133,0,400,10,305
F19998#F4261,76,49,126,0,400,10,306
F19998#F4243,48,74,124,0,400,10,307
F19998#F4221,55,79,134,0,400,10,308
F19998#F4200,62,78,141,0,400,10,309
F19998#F4175,65,88,156,0,400,10,310
F19998#F4167,51,38,90,0,400,10,311
F19998#F4148,54,73,129,0,400,10,312
F19998#F4125,66,64,132,0,400,10,313
F19998#F4104,64,73,138,0,400,10,314
F19998#F4094,57,86,143,0,400,10,315
F19998#F4075,52,80,133,0,400,10,316
F19998#F4062,53,80,135,0,400,10,317
F19998#F4046,51,75,128,0,400,10,318
F19998#F4023,84,82,167,0,400,10,319
F19998#F4016,54,72,127,0,400,10,320
F19998#F3990,53,49,103,0,400,10,321
F19998#F3978,55,71,127,0,400,10,322
F19998#F3960,46,74,122,0,400,10,323
F19998#F3940,51,67,120,0,400,10,324
F19998#F3925,51,70,123,0,400,10,325
F19998#F3909,52,67,121,0,400,10,326
F19998#F3897,60,64,126,0,400,10,327
F19998#F3878,51,72,125,0,400,10,328
F19998#F3877,54,71,125,0,400,10,329
F19998#F3856,57,37,96,0,400,10,330
F19998#F3840,54,42,97,0,400,10,331
F19998#F3829,53,69,124,0,400,10,332
F19998#F3824,52,84,137,0,400,10,333
F19998#F3799,46,60,107,0,400,10,334
F19998#F3790,54,65,120,0,400,10,335
F19998#F3770,50,33,84,0,400,10,336
F19998#F3748,51,67,119,0,400,10,337
F19998#F3742,50,60,112,0,400,10,338
F19998#F3729,86,75,162,0,400,10,339
F19998#F3702,43,73,117,0,400,10,340
F19998#F3688,51,76,128,0,400,10,341
F19998#F3680,86,78,167,0,400,10,342
F19998#F3654,45,75,122,0,400,10,343
F19998#F3643,56,40,97,0,400,10,344
F19998#F3631,54,38,94,0,400,10,345
F19998#F3620,48,63,112,0,400,10,346
F19998#F3604,53,41,95,0,400,10,347
F19998#F3589,52,67,120,0,400,10,348
F19998#F3582,52,77,131,0,400,10,349
F19998#F3566,47,77,125,0,400,10,350
F19998#F3546,51,40,93,0,400,10,351
F19998#F3533,47,73,121,0,400,10,352
F19998#F3518,48,80,129,0,400,10,353
F19998#F3513,86,71,158,0,400,10,354
F19998#F3499,52,73,126,0,400,10,355
F19998#F3483,50,71,122,0,400,10,356
F19998#F3478,53,61,116,0,400,10,357
F19998#F3460,50,71,122,0,400,10,358
F19998#F3448,54,83,139,0,400,10,359
F19998#F3428,54,71,126,0,400,10,360
F19998#F3411,50,74,126,0,400,10,361
F19998#F3398,52,74,127,0,400,10,362
F19998#F3391,88,69,158,0,400,10,363
F19998#F3374,48,39,88,0,400,10,364
F19998#F3361,57,65,125,0,400,10,365
F19998#F3353,49,75,125,0,400,10,366
F19998#F3334,46,73,121,0,400,10,367
F19998#F3322,49,80,130,0,400,10,368
F19998#F3318,50,79,129,0,400,10,369
F19998#F3297,50,77,128,0,400,10,370
F19998#F3292,54,70,126,0,400,10,371
F19998#F3281,61,67,129,0,400,10,372
F19998#F3271,51,69,121,0,400,10,373
F19998#F3252,50,83,134,0,400,10,374
F19998#F3238,55,41,98,0,400,10,375
F19998#F3231,54,72,127,0,400,10,376
F19998#F3225,50,67,118,0,400,10,377
F19998#F3197,57,89,146,0,400,10,378
F19998#F3189,49,59,109,0,400,10,379
F19998#F3178,53,58,112,0,400,10,380
F19998#F3161,47,70,117,0,400,10,381
F19998#F3155,49,34,84,0,400,10,382
F19998#F3145,92,66,160,0,400,10,383
F19998#F3141,54,35,90,0,400,10,384
F19998#F3122,54,35,90,0,400,10,385
F19998#F3117,52,85,138,0,400,10,386
F19998#F3104,56,46,103,0,400,10,387
F19998#F3102,85,82,168,0,400,10,388
F19998#F3092,46,75,122,0,400,10,389
F19998#F3076,53,78,132,0,400,10,390
F19998#F3071,54,41,96,0,400,10,391
F19998#F3055,58,41,100,0,400,10,392
F19998#F3038,56,64,121,0,400,10,393
F19998#F3032,48,75,123,0,400,10,394
F19998#F3018,50,58,109,0,400,10,395
F19998#F3010,54,77,133,0,400,10,396
F19998#F3001,53,36,90,0,400,10,397
F19998#F2998,48,71,120,0,400,10,398
F19998#F2985,50,87,139,0,400,10,399
F19998#F2980,61,70,131,0,400,10,400
F19998#F2961,80,79,161,0,400,10,401
F19998#F2949,69,79,149,0,400,10,402
F19998#F2945,60,87,149,0,400,10,403
F19998#F2924,68,197,266,0,400,10,404
F19998#F2912,76,46,123,0,400,10,405
F19998#F2901,61,89,152,0,400,10,406
F19998#F2895,59,54,115,0,400,10,407
F19998#F2886,55,73,129,0,400,10,408
F19998#F2871,52,70,124,0,400,10,409
F19998#F2862,50,72,124,0,400,10,410
F19998#F2851,85,78,165,0,400,10,411
F19998#F2837,65,83,149,0,400,10,412
F19998#F2836,53,74,129,0,400,10,413
F19998#F2808,51,39,91,0,400,10,414
F19998#F2794,49,80,130,0,400,10,415
F19998#F2783,52,72,126,0,400,10,416
F19998#F2770,49,60,110,0,400,10,417
F19998#F2763,50,35,87,0,400,10,418
F19998#F2749,49,84,134,0,400,10,419
F19998#F2744,53,86,140,0,400,10,420
F19998#F2736,52,69,122,0,400,10,421
F19998#F2731,58,67,127,0,400,10,422
F19998#F2725,56,39,96,0,400,10,423
F19998#F2719,51,42,94,0,400,10,424
F19998#F2704,56,84,141,0,400,10,425
F19998#F2696,59,85,145,0,400,10,426
F19998#F2681,59,73,133,0,400,10,427
F19998#F2680,52,60,113,0,400,10,428
F19998#F2671,59,53,113,0,400,10,429
F19998#F2652,58,79,139,0,400,10,430
F19998#F2637,57,42,100,0,400,10,431
F19998#F2634,56,36,93,0,400,10,432
F19998#F2621,53,77,131,0,400,10,433
F19998#F2609,59,66,126,0,400,10,434
F19998#F2605,62,40,103,0,400,10,435
F19998#F2594,63,70,134,0,400,10,436
F19998#F2591,58,48,107,0,400,10,437
F19998#F2580,52,85,138,0,400,10,438
F19998#F2576,69,38,109,0,400,10,439
F19998#F2568,57,84,142,0,400,10,440
F19998#F2563,53,37,91,0,400,10,441
F19998#F2554,52,58,112,0,400,10,442
F19998#F2548,84,76,161,0,400,10,443
F19998#F2546,86,72,159,0,400,10,444
F19998#F2526,52,70,124,0,400,10,445
F19998#F2520,53,34,89,0,400,10,446
F19998#F2514,59,96,156,0,400,10,447
F19998#F2504,58,45,105,0,400,10,448
F19998#F2493,71,48,119,0,400,10,449
F19998#F2482,61,89,151,0,400,10,450
F19998#F2463,54,78,133,0,400,10,451
F19998#F2457,58,70,129,0,400,10,452
F19998#F2448,55,41,98,0,400,10,453
F19998#F2445,58,76,136,0,400,10,454
F19998#F2440,59,71,132,0,400,10,455
F19998#F2426,57,33,92,0,400,10,456
F19998#F2416,50,39,91,0,400,10,457
F19998#F2411,55,38,94,0,400,10,458
F19998#F2403,71,38,110,0,400,10,459
F19998#F2399,59,64,126,0,400,10,460
F19998#F2394,57,72,130,0,400,10,461
F19998#F2381,51,78,130,0,400,10,462
F19998#F2373,56,85,141,0,400,10,463
F19998#F2366,56,64,120,0,400,10,464
F19998#F2357,57,69,127,0,400,10,465
F19998#F2345,58,77,136,0,400,10,466
F19998#F2335,60,38,100,0,400,10,467
F19998#F2333,54,69,124,0,400,10,468
F19998#F2326,63,57,122,0,400,10,469
F19998#F2319,91,38,131,0,400,10,470
F19998#F2312,70,64,136,0,400,10,471
F19998#F2305,65,86,153,0,400,10,472
F19998#F2303,58,88,147,0,400,10,473
F19998#F2297,65,70,136,0,400,10,474
F19998#F2294,53,45,99,0,400,10,475
F19998#F2284,50,76,127,0,400,10,476
F19998#F2278,56,83,140,0,400,10,477
F19998#F2271,64,37,103,0,400,10,478
F19998#F2263,57,37,96,0,400,10,479
F19998#F2251,54,77,132,1,400,10,480
F19998#F2244,52,74,127,0,400,10,481
F19998#F2238,55,54,110,0,400,10,482
F19998#F2227,90,78,169,0,400,10,483
F19998#F2221,55,84,141,0,400,10,484
F19998#F2215,60,78,139,0,400,10,485
F19998#F2209,58,74,134,0,400,10,486
F19998#F2202,64,87,153,0,400,10,487
F19998#F2199,54,82,137,0,400,10,488
F19998#F2185,59,83,143,0,400,10,489
F19998#F2180,53,82,136,0,400,10,490
F19998#F2172,62,38,101,0,400,10,491
F19998#F2165,52,77,131,0,400,10,492
F19998#F2158,53,82,136,0,400,10,493
F19998#F2149,48,59,122,0,400,10,494
F19998#F2139,57,68,126,0,400,10,495
F19998#F2135,58,65,124,0,400,10,496
F19998#F2130,97,73,171,0,400,10,497
F19998#F2120,69,69,138,0,400,10,498
F19998#F2118,62,61,123,0,400,10,499
F19998#F2109,59,78,139,0,400,10,500
F19998#F2099,53,41,94,0,400,10,501
F19998#F2095,56,72,130,0,400,10,502
F19998#F2085,92,78,172,0,400,10,503
F19998#F2081,53,81,136,0,400,10,504
F19998#F2073,59,73,133,0,400,10,505
F19998#F2067,52,75,128,1,400,10,506
F19998#F2052,53,66,120,0,400,10,507
F19998#F2048,51,76,128,0,400,10,508
F19998#F2039,50,67,119,0,400,10,509
F19998#F2037,49,79,129,0,400,10,510
F19998#F2026,49,66,116,0,400,10,511
F19998#F2023,51,67,119,0,400,10,512
F19998#F2013,48,69,118,0,400,10,513
F19998#F2010,44,74,120,0,400,10,514
F19998#F2005,59,81,141,0,400,10,515
F19998#F1998,53,69,125,0,400,10,516
F19998#F1997,49,70,120,1,400,10,517
F19998#F1989,49,82,132,0,400,10,518
F19998#F1980,49,69,120,0,400,10,519
F19998#F1979,52,72,125,0,400,10,520
F19998#F1972,53,82,136,0,400,10,521
F19998#F1970,92,65,158,0,400,10,522
F19998#F1967,50,73,124,0,400,10,523
F19998#F1959,54,84,139,0,400,10,524
F19998#F1955,50,70,121,0,400,10,525
F19998#F1951,58,63,123,0,400,10,526
F19998#F1946,55,67,123,0,400,10,527
F19998#F1943,80,78,159,0,400,10,528
F19998#F1940,89,76,166,0,400,10,529
F19998#F1930,47,73,121,0,400,10,530
F19998#F1921,90,72,163,0,400,10,531
F19998#F1914,51,68,120,0,400,10,532
F19998#F1906,46,74,121,0,400,10,533
F19998#F1902,51,75,127,0,400,10,534
F19998#F1897,57,41,100,0,400,10,535
F19998#F1894,49,61,111,0,400,10,536
F19998#F1889,51,84,136,0,400,10,537
F19998#F1883,52,76,129,0,400,10,538
F19998#F1881,44,80,126,0,400,10,539
F19998#F1877,56,38,96,0,400,10,540
F19998#F1870,51,64,116,0,400,10,541
F19998#F1863,47,39,88,0,400,10,542
F19998#F1860,45,79,125,0,400,10,543
F19998#F1855,55,69,125,0,400,10,544
F19998#F1851,48,68,117,0,400,10,545
F19998#F1848,53,76,130,0,400,10,546
F19998#F1836,54,89,144,0,400,10,547
F19998#F1833,55,65,121,0,400,10,548
F19998#F1830,57,61,119,0,400,10,549
F19998#F1827,51,81,133,0,400,10,550
F19998#F1820,67,67,134,1,400,10,551
F19998#F1812,66,66,134,0,400,10,552
F19998#F1809,88,81,171,0,400,10,553
F19998#F1804,60,69,130,0,400,10,554
F19998#F1801,61,79,141,0,400,10,555
F19998#F1792,57,76,135,0,400,10,556
F19998#F1788,55,88,144,0,400,10,557
F19998#F1783,57,44,102,0,400,10,558
F19998#F1780,57,69,127,0,400,10,559
F19998#F1776,57,69,129,0,400,10,560
F19998#F1775,101,77,179,0,400,10,561
F19998#F1772,259,206,467,0,400,10,562
F19998#F1765,69,89,160,0,400,10,563
F19998#F1762,74,90,166,0,400,10,564
F19998#F1756,69,77,147,0,400,10,565
F19998#F1748,52,74,127,0,400,10,566
F19998#F1744,60,70,131,0,400,10,567
F19998#F1740,63,69,133,0,400,10,568
F19998#F1737,52,41,94,0,400,10,569
F19998#F1733,52,66,119,0,400,10,570
F19998#F1731,58,84,142,0,400,10,571
F19998#F1729,50,66,118,0,400,10,572
F19998#F1719,46,76,123,0,400,10,573
F19998#F1710,52,68,123,0,400,10,574
F19998#F1708,54,68,124,0,400,10,575
F19998#F1704,47,78,126,0,400,10,576
F19998#F1699,62,65,128,0,400,10,577
F19998#F1697,61,93,155,0,400,10,578
F19998#F1693,72,48,122,0,400,10,579
F19998#F1687,58,75,134,0,400,10,580
F19998#F1682,60,64,126,0,400,10,581
F19998#F1678,54,39,95,0,400,10,582
F19998#F1671,52,75,128,0,400,10,583
F19998#F1662,61,94,156,0,400,10,584
F19998#F1658,48,81,130,0,400,10,585
F19998#F1652,53,41,94,0,400,10,586
F19998#F1648,55,82,139,0,400,10,587
F19998#F1640,55,84,140,0,400,10,588
F19998#F1638,59,70,131,1,400,10,589
F19998#F1637,52,90,144,0,400,10,590
F19998#F1636,58,64,123,0,400,10,591
F19998#F1633,56,43,100,0,400,10,592
F19998#F1625,54,72,127,0,400,10,593
F19998#F1622,53,83,137,0,400,10,594
F19998#F1616,55,74,131,0,400,10,595
F19998#F1612,49,74,124,0,400,10,596
F19998#F1608,89,83,174,0,400,10,597
F19998#F1606,49,35,86,0,400,10,598
F19998#F1602,48,79,128,0,400,10,599
F19998#F1600,50,75,127,0,400,10,600
F19998#F1597,51,66,118,0,400,10,601
F19998#F1589,52,60,113,1,400,10,602
F19998#F1584,58,40,100,0,400,10,603
F19998#F1580,61,41,103,0,400,10,604
F19998#F1576,50,35,86,0,400,10,605
F19998#F1573,86,38,125,0,400,10,606
F19998#F1570,57,37,96,0,400,10,607
F19998#F1565,47,78,127,0,400,10,608
F19998#F1560,50,79,130,0,400,10,609
F19998#F1555,87,72,161,0,400,10,610
F19998#F1549,51,37,89,0,400,10,611
F19998#F1548,49,35,86,0,400,10,612
F19998#F1545,50,74,125,0,400,10,613
F19998#F1541,48,70,119,0,400,10,614
F19998#F1537,57,71,130,0,400,10,615
F19998#F1535,49,74,124,0,400,10,616
F19998#F1528,58,70,129,0,400,10,617
F19998#F1519,61,40,102,0,400,10,618
F19998#F1517,67,39,107,0,400,10,619
F19998#F1513,57,75,133,0,400,10,620
F19998#F1509,56,75,132,0,400,10,621
F19998#F1505,57,70,129,0,400,10,622
F19998#F1500,51,37,89,0,400,10,623
F19998#F1498,69,42,113,0,400,10,624
F19998#F1495,66,69,136,0,400,10,625
F19998#F1494,55,68,125,0,400,10,626
F19998#F1485,54,88,143,0,400,10,627
F19998#F1482,55,69,125,0,400,10,628
F19998#F1481,52,70,123,0,400,10,629
F19998#F1472,48,73,123,0,400,10,630
F19998#F1468,47,83,131,0,400,10,632
F19998#F1467,56,68,125,0,400,10,633
F19998#F1464,88,42,132,0,400,10,634
F19998#F1458,54,71,126,0,400,10,635
F19998#F1455,61,71,133,0,400,10,636
F19998#F1449,53,73,127,0,400,10,637
F19998#F1447,51,73,126,0,400,10,638
F19998#F1441,51,69,121,0,400,10,639
F19998#F1437,45,71,118,0,400,10,640
F19998#F1434,46,73,120,0,400,10,641
F19998#F1428,48,79,128,0,400,10,642
F19998#F1424,54,73,128,0,400,10,643
F19998#F1420,52,75,129,0,400,10,644
F19998#F1417,52,79,133,0,400,10,645
F19998#F1416,54,78,134,0,400,10,646
F19998#F1413,51,64,116,0,400,10,647
F19998#F1411,52,36,90,0,400,10,648
F19998#F1399,49,81,132,0,400,10,649
F19998#F1394,49,80,130,0,400,10,650
F19998#F1386,54,73,128,0,400,10,651
F19998#F1384,49,75,125,0,400,10,652
F19998#F1379,64,41,107,0,400,10,653
F19998#F1376,56,85,143,0,400,10,654
F19998#F1372,53,80,135,0,400,10,655
F19998#F1367,50,68,119,0,400,10,656
F19998#F1365,53,78,132,0,400,10,657
F19998#F1359,59,70,130,0,400,10,658
F19998#F1355,92,84,178,0,400,10,659
F19998#F1354,55,75,131,0,400,10,661
F19998#F1347,58,60,119,0,400,10,662
F19998#F1345,54,76,131,0,400,10,663
F19998#F1340,54,75,130,0,400,10,664
F19998#F1339,51,58,109,0,400,10,665
F19998#F1336,55,44,100,0,400,10,666
F19998#F1335,58,80,139,0,400,10,667
F19998#F1331,52,84,137,0,400,10,668
F19998#F1326,52,86,139,0,400,10,669
F19998#F1325,61,85,147,0,400,10,671
F19998#F1318,62,73,137,0,400,10,672
F19998#F1315,52,84,138,0,400,10,674
F19998#F1309,65,66,133,0,400,10,675
F19998#F1306,60,69,130,0,400,10,676
F19998#F1303,47,75,124,0,400,10,677
F19998#F1299,54,65,120,0,400,10,678
F19998#F1291,54,64,120,0,400,10,679
F19998#F1289,59,39,99,0,400,10,680
F19998#F1287,59,71,131,0,400,10,681
F19998#F1286,55,68,124,0,400,10,682
F19998#F1284,48,65,114,0,400,10,683
F19998#F1283,54,84,139,0,400,10,684
F19998#F1277,51,63,116,0,400,10,685
F19998#F1274,47,78,126,0,400,10,686
F19998#F1272,87,81,168,0,400,10,687
F19998#F1269,49,79,130,0,400,10,688
F19998#F1266,86,76,163,0,400,10,689
F19998#F1264,59,60,120,0,400,10,690
F19998#F1262,49,85,135,0,400,10,691
F19998#F1260,65,61,128,0,400,10,692
F19998#F1256,48,76,125,0,400,10,693
F19998#F1252,65,43,109,0,400,10,694
F19998#F1250,47,43,91,0,400,10,695
F19998#F1247,52,71,125,0,400,10,696
F19998#F1241,51,63,114,0,400,10,697
F19998#F1240,63,74,138,0,400,10,698
F19998#F1238,60,83,145,0,400,10,699
F19998#F1233,58,43,102,0,400,10,701
F19998#F1230,47,75,123,0,400,10,702
F19998#F1228,53,56,110,0,400,10,703
F19998#F1225,54,68,123,0,400,10,704
F19998#F1224,50,78,129,0,400,10,706
F19998#F1223,61,35,98,0,400,10,707
F19998#F1215,48,80,129,0,400,10,708
F19998#F1210,60,74,135,0,400,10,709
F19998#F1206,59,80,140,0,400,10,710
F19998#F1205,58,42,102,0,400,10,711
F19998#F1201,65,45,111,0,400,10,712
F19998#F1200,70,62,133,0,400,10,713
F19998#F1197,99,93,193,0,400,10,714
F19998#F1194,85,84,171,0,400,10,715
F19998#F1193,59,84,144,0,400,10,716
F19998#F1186,79,85,166,0,400,10,717
F19998#F1184,99,102,203,0,400,10,718
F19998#F1180,66,86,154,0,400,10,719
F19998#F1179,133,99,233,0,400,10,720
F19998#F1177,61,45,107,0,400,10,721
F19998#F1176,66,72,139,0,400,10,722
F19998#F1172,86,75,162,0,400,10,723
F19998#F1170,104,88,193,0,400,10,724
F19998#F1167,54,83,139,0,400,10,725
F19998#F1166,57,84,142,0,400,10,726
F19998#F1160,57,70,128,0,400,10,727
F19998#F1156,64,77,142,0,400,10,728
F19998#F1153,54,72,127,0,400,10,729
F19998#F1151,64,80,145,0,400,10,730
F19998#F1142,52,71,124,0,400,10,732
F19998#F1137,48,77,126,0,400,10,733
F19998#F1136,56,86,143,0,400,10,734
F19998#F1135,62,58,121,0,400,10,735
F19998#F1132,50,80,131,0,400,10,736
F19998#F1128,53,67,122,0,400,10,737
F19998#F1123,89,87,178,0,400,10,738
F19998#F1121,53,72,126,0,400,10,739
F19998#F1120,53,51,106,0,400,10,740
F19998#F1118,48,65,114,0,400,10,741
F19998#F1116,48,83,131,0,400,10,742
F19998#F1113,56,90,148,0,400,10,743
F19998#F1111,57,75,133,0,400,10,744
F19998#F1108,56,77,134,0,400,10,745
F19998#F1102,50,77,129,0,400,10,746
F19998#F1099,53,71,125,0,400,10,748
F19998#F1096,54,40,95,0,400,10,749
F19998#F1094,88,71,160,0,400,10,750
F19998#F1092,47,75,123,0,400,10,751
F19998#F1089,50,38,89,0,400,10,752
F19998#F1088,57,82,140,0,400,10,753
F19998#F1085,52,36,91,0,400,10,754
F19998#F1081,55,40,96,0,400,10,755
F19998#F1078,48,81,131,0,400,10,756
F19998#F1075,47,73,121,0,400,10,757
F19998#F1073,91,40,132,0,400,10,758
F19998#F1069,54,70,125,0,400,10,759
F19998#F1063,54,70,125,0,400,10,760
F19998#F1061,56,70,127,0,400,10,761
F19998#F1059,58,41,100,0,400,10,762
F19998#F1058,56,62,120,0,400,10,763
F19998#F1057,60,75,136,0,400,10,764
F19998#F1056,54,75,130,0,400,10,765
F19998#F1050,93,77,171,0,400,10,766
F19998#F1047,52,68,121,0,400,10,767
F19998#F1044,55,76,132,0,400,10,768
F19998#F1043,55,66,122,0,400,10,769
F19998#F1039,92,42,135,0,400,10,770
F19998#F1037,63,70,134,0,400,10,771
F19998#F1032,60,77,139,0,400,10,772
F19998#F1029,56,82,139,0,400,10,773
F19998#F1027,56,88,146,0,400,10,774
F19998#F1022,57,91,149,0,400,10,775
F19998#F1020,60,72,133,0,400,10,776
F19998#F1017,60,50,112,0,400,10,777
F19998#F1015,59,75,135,0,400,10,778
F19998#F1012,59,68,128,0,400,10,779
F19998#F1008,45,89,135,0,400,10,780
F19998#F1006,58,69,127,0,400,10,781
F19998#F1004,52,70,124,0,400,10,782
F19998#F1002,56,76,133,0,400,10,783
F19998#F998,61,61,123,0,400,10,784
F19998#F996,59,69,130,0,400,10,785
F19998#F995,52,76,130,0,400,10,786
F19998#F991,57,38,97,0,400,10,787
F19998#F990,57,63,122,0,400,10,788
F19998#F984,60,66,128,1,400,10,789
F19998#F982,55,68,125,0,400,10,790
F19998#F981,62,91,154,0,400,10,791
F19998#F979,63,87,152,0,400,10,792
F19998#F976,74,91,167,0,400,10,793
F19998#F973,59,42,103,0,400,10,794
F19998#F971,96,72,169,0,400,10,796
F19998#F968,95,44,141,0,400,10,797
F19998#F967,62,64,127,0,400,10,798
F19998#F966,57,81,139,0,400,10,799
F19998#F963,58,37,96,0,400,10,801
F19998#F962,58,76,135,0,400,10,802
F19998#F961,54,38,93,0,400,10,803
F19998#F958,50,43,93,0,400,10,804
F19998#F957,47,83,131,0,400,10,805
F19998#F953,61,63,126,0,400,10,806
F19998#F947,52,43,96,0,400,10,807
F19998#F944,61,83,145,0,400,10,808
F19998#F942,67,61,129,0,400,10,809
F19998#F939,99,82,183,0,400,10,810
F19998#F937,58,78,137,0,400,10,811
F19998#F935,49,74,124,0,400,10,812
F19998#F932,60,78,139,0,400,10,813
F19998#F928,51,74,126,0,400,10,814
F19998#F925,54,79,135,0,400,10,815
F19998#F924,51,70,122,0,400,10,816
F19998#F923,54,42,97,0,400,10,817
F19998#F921,60,68,130,0,400,10,818
F19998#F919,61,66,128,0,400,10,819
F19998#F918,67,70,138,0,400,10,820
F19998#F916,60,65,126,0,400,10,822
F19998#F910,50,80,131,0,400,10,823
F19998#F907,61,69,131,0,400,10,825
F19998#F906,49,82,132,0,400,10,826
F19998#F902,64,68,133,0,400,10,827
F19998#F900,48,75,124,0,400,10,828
F19998#F897,52,74,127,0,400,10,829
F19998#F894,52,55,109,0,400,10,831
F19998#F893,52,74,127,0,400,10,832
F19998#F891,58,43,102,0,400,10,833
F19998#F889,53,67,121,0,400,10,835
F19998#F888,54,39,94,0,400,10,836
F19998#F887,48,60,109,0,400,10,838
F19998#F884,49,67,117,0,400,10,839
F19998#F881,49,82,132,0,400,10,841
F19998#F873,51,33,85,0,400,10,842
F19998#F869,54,72,126,0,400,10,843
F19998#F866,101,60,163,0,400,10,844
F19998#F864,70,65,137,0,400,10,845
F19998#F863,63,73,137,0,400,10,846
F19998#F861,63,48,112,0,400,10,847
F19998#F858,57,85,144,0,400,10,849
F19998#F853,56,43,100,0,400,10,850
F19998#F852,63,72,136,0,400,10,851
F19998#F851,49,58,109,0,400,10,852
F19998#F850,65,87,153,0,400,10,853
F19998#F845,59,69,130,0,400,10,854
F19998#F844,68,89,159,0,400,10,855
F19998#F843,65,72,138,0,400,10,858
F19998#F842,60,79,140,0,400,10,859
F19998#F840,57,77,136,0,400,10,860
F19998#F839,57,78,136,0,400,10,862
F19998#F838,62,60,124,0,400,10,863
F19998#F835,50,65,117,0,400,10,864
F19998#F832,55,73,130,0,400,10,865
F19998#F830,54,78,134,0,400,10,866
F19998#F829,58,45,104,0,400,10,867
F19998#F827,51,68,120,0,400,10,868
F19998#F825,59,78,138,0,400,10,869
F19998#F823,48,68,118,0,400,10,870
F19998#F822,53,43,98,0,400,10,871
F19998#F820,56,67,124,0,400,10,872
F19998#F819,53,78,132,0,400,10,873
F19998#F818,56,66,124,0,400,10,874
F19998#F814,69,76,147,0,400,10,875
F19998#F813,67,76,145,0,400,10,876
F19998#F812,60,35,96,0,400,10,877
F19998#F807,58,77,136,0,400,10,878
F19998#F806,56,36,93,0,400,10,879
F19998#F805,54,71,127,0,400,10,880
F19998#F803,58,76,135,0,400,10,881
F19998#F801,68,81,151,0,400,10,882
F19998#F798,54,82,138,0,400,10,883
F19998#F796,59,63,124,0,400,10,884
F19998#F795,62,61,125,0,400,10,885
F19998#F793,101,42,144,0,400,10,886
F19998#F792,67,81,149,0,400,10,887
F19998#F789,131,214,346,0,400,10,888
F19998#F788,215,53,270,0,400,10,890
F19998#F786,65,64,130,0,400,10,891
F19998#F785,66,54,122,0,400,10,892
F19998#F783,59,35,94,0,400,10,893
F19998#F782,55,64,121,0,400,10,894
F19998#F781,58,42,102,0,400,10,895
F19998#F777,53,70,124,0,400,10,896
F19998#F775,52,62,115,0,400,10,897
F19998#F772,50,80,131,0,400,10,898
F19998#F771,49,79,129,0,400,10,899
F19998#F770,48,42,91,0,400,10,900
F19998#F769,53,79,132,0,400,10,901
F19998#F765,52,64,117,0,400,10,902
F19998#F764,52,76,129,0,400,10,903
F19998#F760,56,65,122,0,400,10,904
F19998#F756,44,66,111,0,400,10,906
F19998#F752,47,59,107,0,400,10,908
F19998#F751,51,66,119,0,400,10,909
F19998#F749,47,88,135,0,400,10,910
F19998#F747,69,64,134,0,400,10,911
F19998#F745,47,75,123,0,400,10,912
F19998#F742,45,74,120,0,400,10,913
F19998#F740,53,50,104,0,400,10,914
F19998#F735,55,68,124,0,400,10,915
F19998#F734,57,63,121,0,400,10,917
F19998#F731,45,78,125,0,400,10,918
F19998#F730,51,74,126,0,400,10,920
F19998#F728,43,70,114,0,400,10,922
F19998#F727,60,63,124,0,400,10,923
F19998#F726,51,66,117,0,400,10,924
F19998#F725,50,74,126,0,400,10,926
F19998#F722,57,59,118,0,400,10,927
F19998#F721,47,63,111,0,400,10,930
F19998#F720,55,35,91,0,400,10,932
F19998#F719,82,80,163,0,400,10,935
F19998#F716,52,77,131,0,400,10,936
F19998#F715,52,79,132,0,400,10,937
F19998#F714,54,80,135,0,400,10,938
F19998#F713,56,88,145,0,400,10,939
F19998#F709,52,69,123,0,400,10,940
F19998#F707,53,83,138,0,400,10,941
F19998#F704,52,30,83,0,400,10,942
F19998#F700,52,78,131,0,400,10,944
F19998#F698,52,38,92,0,400,10,945
F19998#F697,52,40,93,0,400,10,948
F19998#F693,55,58,115,0,400,10,950
F19998#F692,45,61,107,0,400,10,953
F19998#F691,58,86,145,0,400,10,954
F19998#F690,57,71,129,0,400,10,955
F19998#F686,53,77,131,0,400,10,956
F19998#F684,53,44,98,0,400,10,958
F19998#F682,57,66,125,0,400,10,959
F19998#F679,60,37,98,0,400,10,960
F19998#F678,52,79,132,0,400,10,961
F19998#F677,54,68,123,0,400,10,962
F19998#F674,47,70,118,0,400,10,963
F19998#F671,54,40,96,0,400,10,965
F19998#F668,57,60,118,0,400,10,967
F19998#F666,58,83,143,0,400,10,969
F19998#F664,50,80,132,0,400,10,970
F19998#F663,61,76,138,0,400,10,971
F19998#F662,54,66,121,0,400,10,972
F19998#F661,49,33,83,0,400,10,973
F19998#F660,51,72,125,0,400,10,974
F19998#F659,88,34,123,0,400,10,975
F19998#F658,53,76,131,0,400,10,976
F19998#F657,54,77,132,0,400,10,978
F19998#F655,62,69,132,0,400,10,979
F19998#F654,98,93,191,0,400,10,982
F19998#F653,58,91,150,0,400,10,983
F19998#F652,58,42,101,0,400,10,984
F19998#F651,53,44,99,0,400,10,985
F19998#F650,59,67,127,0,400,10,987
F19998#F649,53,85,140,0,400,10,988
F19998#F647,59,65,125,0,400,10,989
F19998#F645,52,85,139,0,400,10,990
F19998#F644,60,79,140,0,400,10,991
F19998#F642,63,67,131,0,400,10,992
F19998#F641,83,64,148,0,400,10,993
F19998#F638,50,74,125,0,400,10,994
F19998#F637,45,71,117,0,400,10,995
F19998#F635,47,72,120,0,400,10,996
F19998#F633,49,76,127,0,400,10,997
F19998#F632,50,87,138,0,400,10,998
F19998#F630,51,77,129,0,400,10,999
F19998#F629,57,76,134,0,400,10,1000
F19998#F627,60,78,139,0,400,10,1001
F19998#F624,49,75,125,0,400,10,1002
F19998#F622,55,88,144,0,400,10,1004
F19998#F619,58,40,100,0,400,10,1005
F19998#F616,59,86,145,0,400,10,1006
F19998#F615,55,39,96,0,400,10,1007
F19998#F613,50,72,124,0,400,10,1008
F19998#F612,44,82,127,0,400,10,1011
F19998#F611,50,70,122,0,400,10,1012
F19998#F609,54,68,123,0,400,10,1013
F19998#F607,51,74,126,0,400,10,1015
F19998#F604,63,68,132,0,400,10,1016
F19998#F603,75,36,112,0,400,10,1017
F19998#F602,63,88,153,0,400,10,1018
F19998#F599,49,74,124,0,400,10,1020
F19998#F598,61,39,101,0,400,10,1022
F19998#F597,76,64,142,1,400,10,1023
F19998#F595,76,68,145,0,400,10,1024
F19998#F594,70,83,155,0,400,10,1027
F19998#F592,56,37,95,0,400,10,1028
F19998#F591,64,63,128,0,400,10,1029
F19998#F590,55,66,122,1,400,10,1031
F19998#F588,56,47,105,0,400,10,1032
F19998#F587,49,35,85,0,400,10,1033
F19998#F586,56,73,131,0,400,10,1034
F19998#F585,48,78,127,0,400,10,1036
F19998#F584,58,82,141,0,400,10,1037
F19998#F583,50,37,88,0,400,10,1038
F19998#F582,50,80,132,0,400,10,1040
F19998#F580,71,63,135,0,400,10,1041
F19998#F578,59,64,125,0,400,10,1042
F19998#F576,50,76,127,0,400,10,1044
F19998#F574,55,63,120,0,400,10,1045
F19998#F572,54,70,125,0,400,10,1047
F19998#F571,53,76,130,0,400,10,1048
F19998#F570,61,36,98,0,400,10,1049
F19998#F569,57,72,130,0,400,10,1050
F19998#F568,52,77,131,0,400,10,1051
F19998#F564,51,73,126,0,400,10,1052
F19998#F563,94,84,179,0,400,10,1054
F19998#F560,51,76,129,0,400,10,1055
F19998#F557,60,72,133,0,400,10,1056
F19998#F554,49,71,121,0,400,10,1057
F19998#F553,52,80,134,0,400,10,1058
F19998#F552,50,34,85,0,400,10,1060
F19998#F551,52,41,95,0,400,10,1064
F19998#F549,54,62,117,0,400,10,1066
F19998#F548,57,73,131,0,400,10,1067
F19998#F545,54,71,127,0,400,10,1068
F19998#F544,56,72,129,0,400,10,1069
F19998#F542,52,43,96,0,400,10,1070
F19998#F539,52,83,136,0,400,10,1071
F19998#F538,53,44,98,0,400,10,1072
F19998#F536,47,60,109,0,400,10,1074
F19998#F534,53,67,121,0,400,10,1075
F19998#F533,48,68,117,0,400,10,1078
F19998#F531,54,66,122,0,400,10,1080
F19998#F529,50,80,131,0,400,10,1081
F19998#F525,52,84,137,0,400,10,1082
F19998#F524,47,75,123,0,400,10,1083
F19998#F523,50,41,92,0,400,10,1085
F19998#F522,65,42,108,0,400,10,1086
F19998#F521,55,42,98,0,400,10,1088
F19998#F520,50,64,116,0,400,10,1089
F19998#F519,56,84,141,0,400,10,1090
F19998#F518,59,70,130,0,400,10,1092
F19998#F517,67,68,136,0,400,10,1095
F19998#F516,60,80,141,0,400,10,1098
F19998#F515,71,42,116,0,400,10,1099
F19998#F514,55,102,158,0,400,10,1100
F19998#F513,107,73,180,0,400,10,1101
F19998#F512,52,41,95,0,400,10,1102
F19998#F510,243,114,358,0,400,10,1103
F19998#F508,211,39,252,0,400,10,1104
F19998#F506,52,67,121,0,400,10,1107
F19998#F505,59,70,130,0,400,10,1108
F19998#F503,60,83,144,0,400,10,1109
F19998#F502,62,72,137,0,400,10,1112
F19998#F501,64,71,136,0,400,10,1114
F19998#F500,50,72,123,0,400,10,1118
F19998#F499,65,67,134,0,400,10,1119
F19998#F498,47,35,83,0,400,10,1126
F19998#F496,50,55,107,0,400,10,1127
F19998#F495,48,72,121,0,400,10,1128
F19998#F494,47,70,117,0,400,10,1129
F19998#F491,48,73,121,0,400,10,1130
F19998#F490,43,76,121,0,400,10,1131
F19998#F489,47,65,114,0,400,10,1132
F19998#F488,46,70,117,0,400,10,1134
F19998#F487,50,70,122,0,400,10,1138
F19998#F486,48,86,135,0,400,10,1139
F19998#F485,55,34,90,0,400,10,1141
F19998#F483,44,36,81,0,400,10,1142
F19998#F481,97,84,182,0,400,10,1143
F19998#F480,53,64,118,0,400,10,1144
F19998#F479,86,83,170,0,400,10,1145
F19998#F478,52,82,135,0,400,10,1146
F19998#F477,61,63,126,0,400,10,1149
F19998#F476,50,66,117,0,400,10,1150
F19998#F473,49,75,125,0,400,10,1151
F19998#F472,43,77,122,0,400,10,1155
F19998#F471,85,82,169,0,400,10,1157
F19998#F469,50,75,126,0,400,10,1158
F19998#F466,48,69,119,0,400,10,1159
F19998#F465,52,40,93,0,400,10,1160
F19998#F464,54,73,129,0,400,10,1163
F19998#F463,51,56,109,0,400,10,1164
F19998#F462,51,73,126,0,400,10,1166
F19998#F460,54,80,135,0,400,10,1169
F19998#F458,50,83,135,0,400,10,1170
F19998#F457,48,79,128,0,400,10,1172
F19998#F456,50,41,92,0,400,10,1173
F19998#F455,55,75,132,0,400,10,1174
F19998#F454,48,81,130,0,400,10,1176
F19998#F453,62,43,106,0,400,10,1177
F19998#F452,50,75,126,0,400,10,1183
F19998#F451,52,35,89,0,400,10,1188
F19998#F448,62,74,138,0,400,10,1189
F19998#F447,47,74,122,0,400,10,1191
F19998#F446,45,73,119,0,400,10,1192
F19998#F444,55,34,90,0,400,10,1194
F19998#F443,82,34,117,0,400,10,1195
F19998#F442,49,72,121,0,400,10,1197
F19998#F441,52,84,138,0,400,10,1199
F19998#F440,53,87,141,0,400,10,1200
F19998#F438,56,66,123,0,400,10,1202
F19998#F437,48,79,129,1,400,10,1203
F19998#F436,60,61,122,0,400,10,1205
F19998#F435,93,70,166,0,400,10,1208
F19998#F434,58,89,148,0,400,10,1209
F19998#F432,52,70,123,0,400,10,1215
F19998#F428,68,63,132,0,400,10,1216
F19998#F426,67,67,136,0,400,10,1217
F19998#F425,54,88,143,0,400,10,1218
F19998#F424,53,77,132,0,400,10,1220
F19998#F423,67,73,143,0,400,10,1221
F19998#F422,65,77,143,0,400,10,1222
F19998#F421,54,74,129,0,400,10,1223
F19998#F420,51,85,137,0,400,10,1230
F19998#F418,53,73,128,0,400,10,1232
F19998#F417,50,82,134,0,400,10,1234
F19998#F416,59,70,129,0,400,10,1238
F19998#F415,55,41,97,0,400,10,1241
F19998#F414,58,81,140,0,400,10,1243
F19998#F413,52,77,130,0,400,10,1247
F19998#F411,56,76,133,0,400,10,1248
F19998#F410,53,67,121,0,400,10,1249
F19998#F409,88,70,160,0,400,10,1250
F19998#F408,58,91,150,0,400,10,1251
F19998#F407,74,115,190,0,400,10,1253
F19998#F406,66,83,150,0,400,10,1254
F19998#F405,54,75,130,0,400,10,1255
F19998#F403,66,37,103,0,400,10,1256
F19998#F400,53,36,90,0,400,10,1257
F19998#F399,52,79,133,0,400,10,1260
F19998#F398,59,43,103,0,400,10,1266
F19998#F396,57,82,141,0,400,10,1269
F19998#F395,51,70,123,0,400,10,1271
F19998#F392,57,76,135,0,400,10,1272
F19998#F391,52,47,100,0,400,10,1273
F19998#F390,50,80,132,0,400,10,1277
F19998#F389,87,35,123,0,400,10,1278
F19998#F388,54,84,140,0,400,10,1284
F19998#F387,47,83,131,0,400,10,1287
F19998#F386,55,82,139,0,400,10,1289
F19998#F385,56,73,130,0,400,10,1291
F19998#F384,58,70,129,0,400,10,1292
F19998#F383,59,68,128,0,400,10,1293
F19998#F382,56,43,99,0,400,10,1294
F19998#F381,53,63,117,0,400,10,1295
F19998#F377,52,78,131,0,400,10,1297
F19998#F376,51,89,141,0,400,10,1298
F19998#F375,55,45,102,0,400,10,1300
F19998#F374,55,77,134,0,400,10,1304
F19998#F373,61,76,139,0,400,10,1310
F19998#F372,57,66,124,0,400,10,1313
F19998#F371,58,52,110,0,400,10,1314
F19998#F370,67,46,114,0,400,10,1315
F19998#F369,58,81,140,0,400,10,1317
F19998#F368,57,76,135,0,400,10,1319
F19998#F366,61,62,124,0,400,10,1320
F19998#F364,50,79,131,0,400,10,1322
F19998#F363,45,71,117,1,400,10,1323
F19998#F362,48,71,120,0,400,10,1324
F19998#F361,51,46,98,0,400,10,1325
F19998#F360,45,65,112,0,400,10,1329
F19998#F359,49,68,118,0,400,10,1330
F19998#F358,52,70,124,0,400,10,1331
F19998#F357,47,70,118,0,400,10,1334
F19998#F356,53,64,118,0,400,10,1337
F19998#F355,50,79,129,0,400,10,1339
F19998#F354,53,33,87,0,400,10,1342
F19998#F353,47,70,119,0,400,10,1343
F19998#F352,70,86,158,0,400,10,1348
F19998#F351,67,40,109,0,400,10,1354
F19998#F350,62,90,154,0,400,10,1355
F19998#F349,52,94,148,0,400,10,1356
F19998#F348,59,60,120,0,400,10,1358
F19998#F347,50,71,121,0,400,10,1360
F19998#F346,59,40,100,0,400,10,1361
F19998#F345,55,83,140,0,400,10,1363
F19998#F344,53,78,132,0,400,10,1365
F19998#F343,49,76,127,0,400,10,1367
F19998#F342,59,44,104,0,400,10,1368
F19998#F341,62,61,124,0,400,10,1374
F19998#F340,48,77,126,0,400,10,1377
F19998#F339,50,74,126,0,400,10,1379
F19998#F338,84,83,168,0,400,10,1382
F19998#F337,55,41,98,0,400,10,1383
F19998#F335,53,37,92,0,400,10,1385
F19998#F334,57,37,95,0,400,10,1386
F19998#F333,47,70,119,0,400,10,1387
F19998#F332,53,62,116,0,400,10,1388
F19998#F331,51,33,85,0,400,10,1392
F19998#F330,52,32,86,0,400,10,1393
F19998#F327,43,81,126,0,400,10,1405
F19998#F326,51,47,100,0,400,10,1409
F19998#F325,58,34,93,0,400,10,1412
F19998#F324,51,51,103,0,400,10,1416
F19998#F323,61,71,134,0,400,10,1420
F19998#F322,65,83,149,0,400,10,1427
F19998#F321,61,38,101,0,400,10,1433
F19998#F320,54,65,121,0,400,10,1434
F19998#F319,52,66,119,0,400,10,1438
F19998#F318,55,76,132,0,400,10,1442
F19998#F317,95,40,137,0,400,10,1449
F19998#F316,61,85,148,0,400,10,1459
F19998#F315,60,68,130,0,400,10,1460
F19998#F314,59,69,129,0,400,10,1461
F19998#F313,91,89,182,0,400,10,1463
F19998#F312,53,75,129,0,400,10,1464
F19998#F311,60,47,108,0,400,10,1467
F19998#F310,92,131,224,0,400,10,1469
F19998#F308,195,179,376,0,400,10,1473
F19998#F306,69,57,128,0,400,10,1475
F19998#F305,52,76,130,0,400,10,1481
F19998#F304,54,79,133,0,400,10,1493
F19998#F303,52,75,127,0,400,10,1496
F19998#F302,48,75,125,0,400,10,1500
F19998#F301,62,77,141,0,400,10,1507
F19998#F298,50,32,84,0,400,10,1509
F19998#F297,49,66,116,0,400,10,1512
F19998#F296,84,35,121,0,400,10,1517
F19998#F295,50,66,117,0,400,10,1518
F19998#F293,48,72,121,0,400,10,1519
F19998#F292,46,66,114,0,400,10,1522
F19998#F291,45,33,79,0,400,10,1526
F19998#F290,56,46,103,0,400,10,1536
F19998#F289,50,34,86,0,400,10,1537
F19998#F288,53,67,122,0,400,10,1538
F19998#F287,48,84,134,0,400,10,1539
F19998#F285,63,56,120,0,400,10,1545
F19998#F284,46,75,123,0,400,10,1559
F19998#F283,45,70,116,0,400,10,1562
F19998#F282,48,69,118,0,400,10,1563
F19998#F281,88,35,124,0,400,10,1565
F19998#F280,47,37,85,0,400,10,1566
F19998#F279,50,76,128,0,400,10,1567
F19998#F278,45,71,118,0,400,10,1568
F19998#F277,49,82,133,0,400,10,1570
F19998#F276,56,66,124,0,400,10,1573
F19998#F275,45,71,117,0,400,10,1575
F19998#F274,46,88,135,0,400,10,1577
F19998#F273,48,72,121,0,400,10,1579
F19998#F272,49,53,104,0,400,10,1580
F19998#F263,46,65,112,0,400,10,1586
F19998#F262,50,66,117,0,400,10,1597
F19998#F261,64,64,129,0,400,10,1602
F19998#F260,53,67,122,0,400,10,1605
F19998#F259,54,43,98,0,400,10,1608
F19998#F258,49,69,120,0,400,10,1614
F19998#F257,48,79,128,0,400,10,1619
F19998#F256,56,63,120,0,400,10,1622
F19998#F255,60,60,124,0,400,10,1625
F19998#F254,55,30,85,0,400,10,1635
F19998#F253,49,80,130,0,400,10,1638
F19998#F252,46,70,118,0,400,10,1639
F19998#F251,49,67,118,0,400,10,1640
F19998#F250,54,60,116,0,400,10,1644
F19998#F249,52,88,141,0,400,10,1652
F19998#F248,51,68,119,0,400,10,1654
F19998#F247,47,34,82,0,400,10,1655
F19998#F246,43,74,119,0,400,10,1657
F19998#F245,48,75,124,0,400,10,1660
F19998#F244,45,65,112,0,400,10,1663
F19998#F243,46,67,115,0,400,10,1669
F19998#F242,44,68,113,0,400,10,1680
F19998#F241,47,73,121,0,400,10,1682
F19998#F240,48,64,113,0,400,10,1685
F19998#F239,47,70,118,0,400,10,1688
F19998#F236,48,39,88,0,400,10,1690
F19998#F235,48,59,108,0,400,10,1693
F19998#F234,49,70,121,0,400,10,1704
F19998#F233,45,40,86,0,400,10,1709
F19998#F231,52,75,129,0,400,10,1715
F19998#F230,44,82,127,0,400,10,1720
F19998#F228,54,76,132,0,400,10,1721
F19998#F226,56,79,137,0,400,10,1727
F19998#F225,52,76,129,0,400,10,1730
F19998#F224,61,61,123,0,400,10,1735
F19998#F223,50,65,116,0,400,10,1736
F19998#F222,53,87,141,0,400,10,1745
F19998#F221,53,48,102,0,400,10,1748
F19998#F220,49,35,86,0,400,10,1751
F19998#F219,50,78,130,0,400,10,1752
F19998#F218,48,92,141,0,400,10,1757
F19998#F217,50,73,123,0,400,10,1761
F19998#F216,51,78,130,0,400,10,1762
F19998#F215,51,74,126,0,400,10,1781
F19998#F214,49,39,89,0,400,10,1788
F19998#F213,51,68,120,0,400,10,1797
F19998#F212,51,39,91,0,400,10,1802
F19998#F211,52,34,86,0,400,10,1811
F19998#F210,46,36,83,0,400,10,1815
F19998#F209,49,72,122,0,400,10,1817
F19998#F208,47,35,83,0,400,10,1820
F19998#F207,82,76,159,0,400,10,1821
F19998#F206,47,80,129,0,400,10,1833
F19998#F205,48,68,117,0,400,10,1839
F19998#F204,48,70,119,0,400,10,1841
F19998#F203,49,68,119,0,400,10,1844
F19998#F202,54,77,132,0,400,10,1846
F19998#F201,45,33,79,0,400,10,1847
F19998#F200,46,74,122,0,400,10,1864
F19998#F199,44,71,116,0,400,10,1869
F19998#F198,88,40,129,0,400,10,1881
F19998#F196,63,65,129,0,400,10,1883
F19998#F194,50,67,118,0,400,10,1894
F19998#F193,47,75,123,0,400,10,1902
F19998#F192,52,71,125,0,400,10,1913
F19998#F191,54,60,115,0,400,10,1927
F19998#F190,43,77,121,0,400,10,1935
F19998#F189,47,84,133,0,400,10,1936
F19998#F188,53,78,132,0,400,10,1940
F19998#F187,50,79,129,0,400,10,1946
F19998#F186,47,67,115,0,400,10,1948
F19998#F185,42,76,119,0,400,10,1982
F19998#F184,49,66,116,0,400,10,1983
F19998#F183,44,76,121,0,400,10,1988
F19998#F182,46,77,125,0,400,10,1990
F19998#F181,52,74,128,0,400,10,1991
F19998#F180,53,69,123,0,400,10,2004
F19998#F179,51,74,126,0,400,10,2015
F19998#F178,53,81,136,0,400,10,2017
F19998#F177,88,35,125,0,400,10,2026
F19998#F176,50,74,125,0,400,10,2033
F19998#F175,88,81,170,0,400,10,2038
F19998#F174,52,64,117,0,400,10,2040
F19998#F172,89,61,150,1,400,10,2049
F19998#F171,54,67,122,0,400,10,2052
F19998#F169,47,81,130,0,400,10,2060
F19998#F168,52,69,123,0,400,10,2071
F19998#F167,50,38,89,0,400,10,2072
F19998#F165,45,79,125,0,400,10,2075
F19998#F164,44,68,114,0,400,10,2081
F19998#F163,49,72,122,0,400,10,2105
F19998#F162,50,58,108,0,400,10,2131
F19998#F161,47,72,121,0,400,10,2134
F19998#F160,51,38,91,0,400,10,2175
F19998#F159,49,66,116,0,400,10,2193
F19998#F158,50,71,122,0,400,10,2195
F19998#F157,44,74,120,0,400,10,2198
F19998#F156,51,81,133,0,400,10,2204
F19998#F155,51,87,139,0,400,10,2219
F19998#F154,56,82,140,0,400,10,2230
F19998#F153,54,67,122,0,400,10,2233
F19998#F152,94,40,135,1,400,10,2255
F19998#F151,47,71,119,0,400,10,2263
F19998#F150,55,64,120,0,400,10,2280
F19998#F149,44,77,122,0,400,10,2282
F19998#F148,53,37,92,0,400,10,2287
F19998#F147,49,84,134,0,400,10,2297
F19998#F146,53,72,126,0,400,10,2302
F19998#F145,54,67,122,0,400,10,2305
F19998#F144,51,72,125,0,400,10,2347
F19998#F143,53,74,129,0,400,10,2351
F19998#F142,52,44,98,0,400,10,2380
F19998#F141,56,87,145,0,400,10,2381
F19998#F140,51,78,131,0,400,10,2382
F19998#F139,51,45,98,0,400,10,2386
F19998#F137,57,62,121,0,400,10,2387
F19998#F136,60,70,131,0,400,10,2393
F19998#F135,47,71,119,0,400,10,2399
F19998#F134,67,71,140,0,400,10,2413
F19998#F133,67,42,111,0,400,10,2414
F19998#F132,59,67,127,0,400,10,2416
F19998#F131,67,53,121,0,400,10,2418
F19998#F130,58,95,154,0,400,10,2419
F19998#F129,62,90,153,0,400,10,2423
F19998#F128,59,45,106,0,400,10,2451
F19998#F127,141,39,181,0,400,10,2479
F19998#F126,88,74,164,0,400,10,2486
F19998#F125,46,78,125,0,400,10,2498
F19998#F124,48,78,127,0,400,10,2507
F19998#F123,53,76,130,0,400,10,2509
F19998#F122,55,78,135,0,400,10,2526
F19998#F121,50,80,131,0,400,10,2528
F19998#F120,47,80,129,0,400,10,2556
F19998#F119,52,71,124,0,400,10,2566
F19998#F118,56,76,133,0,400,10,2568
F19998#F117,50,72,123,0,400,10,2658
F19998#F116,51,70,122,0,400,10,2664
F19998#F115,84,70,155,0,400,10,2670
F19998#F114,55,44,100,0,400,10,2673
F19998#F113,51,79,132,0,400,10,2683
F19998#F112,52,62,115,0,400,10,2686
F19998#F111,53,71,126,0,400,10,2687
F19998#F110,45,73,119,0,400,10,2688
F19998#F109,49,35,86,0,400,10,2716
F19998#F108,47,76,124,0,400,10,2723
F19998#F107,57,39,98,0,400,10,2732
F19998#F106,50,72,123,0,400,10,2740
F19998#F105,45,41,87,0,400,10,2764
F19998#F104,50,82,133,0,400,10,2767
F19998#F103,51,77,130,0,400,10,2773
F19998#F102,48,72,121,0,400,10,2822
F19998#F101,57,43,101,0,400,10,2837
F19998#F100,51,81,133,0,400,10,2846
F19998#F99,92,41,134,0,400,10,2849
F19998#F98,48,67,116,0,400,10,2850
F19998#F97,100,38,140,0,400,10,2873
F19998#F96,47,76,125,0,400,10,2895
F19998#F95,49,64,114,0,400,10,2915
F19998#F94,49,68,118,0,400,10,2920
F19998#F93,49,80,130,0,400,10,2929
F19998#F92,50,66,117,0,400,10,2936
F19998#F91,46,66,114,0,400,10,2937
F19998#F90,43,37,82,0,400,10,2954
F19998#F89,58,38,98,0,400,10,2978
F19998#F88,51,76,128,0,400,10,3015
F19998#F87,56,80,137,0,400,10,3032
F19998#F86,51,74,126,0,400,10,3131
F19998#F85,45,69,115,0,400,10,3148
F19998#F84,94,73,168,0,400,10,3187
F19998#F83,49,77,127,0,400,10,3196
F19998#F81,46,68,115,0,400,10,3233
F19998#F80,50,71,122,0,400,10,3253
F19998#F79,47,67,115,1,400,10,3266
F19998#F78,44,66,111,0,400,10,3272
F19998#F77,57,69,127,0,400,10,3280
F19998#F76,50,76,128,0,400,10,3283
F19998#F75,52,31,84,0,400,10,3284
F19998#F74,50,34,85,0,400,10,3343
F19998#F73,47,78,127,0,400,10,3361
F19998#F72,46,73,120,0,400,10,3372
F19998#F71,49,37,87,0,400,10,3380
F19998#F70,44,69,114,0,400,10,3391
F19998#F69,46,63,110,0,400,10,3412
F19998#F68,43,77,120,0,400,10,3414
F19998#F67,49,77,127,0,400,10,3576
F19998#F66,48,79,128,0,400,10,3591
F19998#F65,51,79,132,0,400,10,3693
F19998#F64,48,65,114,0,400,10,3713
F19998#F63,47,66,114,0,400,10,3728
F19998#F62,52,39,93,0,400,10,3736
F19998#F61,53,78,132,0,400,10,3767
F19998#F60,49,85,134,0,400,10,3788
F19998#F59,53,74,128,0,400,10,3803
F19998#F58,53,37,91,0,400,10,3806
F19998#F57,52,34,87,0,400,10,3822
F19998#F56,50,83,134,0,400,10,3833
F19998#F55,56,81,139,0,400,10,4181
F19998#F54,52,69,122,0,400,10,4189
F19998#F53,55,40,97,0,400,10,4231
F19998#F52,53,75,129,0,400,10,4343
F19998#F51,53,80,134,0,400,10,4401
F19998#F50,101,65,167,0,400,10,4417
F19998#F49,61,43,105,0,400,10,4441
F19998#F48,56,91,147,0,400,10,4606
F19998#F47,55,85,141,0,400,10,4742
F19998#F46,58,87,146,0,400,10,4745
F19998#F45,53,73,128,0,400,10,4961
F19998#F44,52,90,144,0,400,10,4989
F19998#F43,98,66,164,0,400,10,4993
F19998#F42,55,70,126,0,400,10,5003
F19998#F41,56,66,123,0,400,10,5034
F19998#F40,55,77,134,0,400,10,5123
F19998#F39,56,63,121,0,400,10,5242
F19998#F38,60,63,125,0,400,10,5349
F19998#F37,50,84,135,0,400,10,5624
F19998#F36,58,66,125,0,400,10,5629
F19998#F35,56,68,125,0,400,10,6108
F19998#F34,47,75,123,0,400,10,6391
F19998#F33,49,77,127,0,400,10,6972
F19998#F32,56,37,94,0,400,10,7133
F19998#F31,49,68,118,0,400,10,7478
F19998#F30,88,82,172,0,400,10,7746
F19998#F29,51,39,90,0,400,10,7963
F19998#F28,54,68,123,0,400,10,8011
F19998#F27,53,61,115,0,400,10,8114
F19998#F26,87,81,169,0,400,10,8183
F19998#F25,55,75,131,0,400,10,8204
F19998#F24,48,79,129,0,400,10,8548
F19998#F23,46,70,117,0,400,10,8580
F19998#F22,56,65,123,0,400,10,8695
F19998#F21,46,35,82,0,400,10,8828
F19998#F20,49,81,131,0,400,10,8927
F19998#F19,48,68,117,0,400,10,8951
F19998#F18,47,73,121,0,400,10,9726
F19998#F17,54,72,127,0,400,10,10177
F19998#F16,50,67,118,0,400,10,11164
F19998#F15,54,71,126,0,400,10,12500
F19998#F14,52,44,98,0,400,10,13088
F19998#F13,50,67,119,0,400,10,14248
F19998#F12,83,77,161,0,400,10,14281
F19998#F11,47,74,122,0,400,10,14737
F19998#F10,46,71,119,0,400,10,15008
F19998#F9,53,43,96,0,400,10,15755
F19998#F8,50,72,123,0,400,10,16775
F19998#F7,48,72,122,0,400,10,17385
F19998#F6,53,40,94,0,400,10,18028
F19998#F5,46,38,85,0,400,10,18722
F19998#F4,52,67,119,0,400,10,19257
F19998#F3,45,71,118,0,400,10,21878
F19998#F2,50,82,133,0,400,10,22582
F19998#F1,53,81,135,0,400,10,25228
F19998#F0,61,87,149,0,400,10,26946
