keyword,clientTime,serverTime,totalTime,resultLength,payloadSize,w1,w2
F19998#F0,202,73,279,0,400,10,26946
F16238#F0,182,134,318,1,1480,37,26946
F16235#F0,241,134,378,0,1520,38,26946
F16214#F0,162,121,285,0,1560,39,26946
F16208#F0,156,102,261,0,1600,40,26946
F16184#F0,125,123,250,0,1640,41,26946
F16130#F0,122,89,213,0,1680,42,26946
F16090#F0,117,112,231,0,1720,43,26946
F16023#F0,118,104,224,0,1760,44,26946
F15924#F0,122,106,229,0,1800,45,26946
F15885#F0,147,115,263,0,1840,46,26946
F15849#F0,128,114,243,0,1880,47,26946
F15747#F0,160,119,281,0,1920,48,26946
F15700#F0,126,126,255,0,1960,49,26946
F15569#F0,123,129,253,0,2000,50,26946
F15547#F0,129,115,246,0,2040,51,26946
F15477#F0,138,119,259,1,2080,52,26946
F15415#F0,133,126,261,0,2120,53,26946
F15343#F0,150,98,249,0,2160,54,26946
F15199#F0,149,128,278,0,2200,55,26946
F15114#F0,133,117,253,0,2240,56,26946
F15029#F0,145,110,257,0,2280,57,26946
F15003#F0,141,129,271,0,2320,58,26946
F14877#F0,131,111,244,0,2360,59,26946
F14805#F0,145,120,266,0,2400,60,26946
F14736#F0,200,125,327,0,2440,61,26946
F14645#F0,146,113,260,0,2480,62,26946
F14621#F0,143,121,266,1,2520,63,26946
F14498#F0,154,131,286,0,2560,64,26946
F14396#F0,154,125,282,0,2600,65,26946
F14377#F0,163,127,291,1,2640,66,26946
F14270#F0,158,126,286,1,2680,67,26946
F14173#F0,156,122,280,0,2720,68,26946
F14061#F0,159,144,305,0,2760,69,26946
F13990#F0,167,130,299,0,2800,70,26946
F13973#F0,159,137,298,0,2840,71,26946
F13834#F0,167,150,319,0,2880,72,26946
F13757#F0,176,124,302,0,2920,73,26946
F13740#F0,165,127,294,0,2960,74,26946
F13640#F0,180,132,313,0,3000,75,26946
F13574#F0,166,123,291,0,3040,76,26946
F13494#F0,167,128,297,1,3080,77,26946
F13434#F0,180,127,308,1,3120,78,26946
F13361#F0,188,137,327,0,3160,79,26946
F13313#F0,175,137,313,1,3200,80,26946
F13182#F0,173,131,306,0,3240,81,26946
F13093#F0,189,138,327,0,3280,82,26946
F13082#F0,178,131,310,0,3320,83,26946
F13005#F0,177,144,323,0,3360,84,26946
F12930#F0,181,144,326,0,3400,85,26946
F12893#F0,188,131,322,0,3440,86,26946
F12810#F0,185,130,317,0,3480,87,26946
F12745#F0,189,138,329,2,3520,88,26946
F12626#F0,195,124,322,0,3560,89,26946
F12547#F0,191,148,342,0,3600,90,26946
F12523#F0,203,145,350,0,3640,91,26946
F12401#F0,191,140,333,0,3680,92,26946
F12337#F0,194,145,341,0,3720,93,26946
F12284#F0,199,144,345,0,3760,94,26946
F12231#F0,211,143,358,0,3800,95,26946
F12103#F0,203,152,357,0,3840,96,26946
F12020#F0,220,144,366,1,3880,97,26946
F11994#F0,206,152,360,0,3920,98,26946
F11907#F0,214,136,352,2,3960,99,26946
F11843#F0,207,157,365,0,4000,100,26946
F11784#F0,209,147,358,1,4040,101,26946
F11768#F0,210,165,377,0,4080,102,26946
F11701#F0,249,173,425,0,4120,103,26946
F11646#F0,238,162,402,0,4160,104,26946
F11583#F0,237,157,396,0,4200,105,26946
F11512#F0,229,153,385,0,4240,106,26946
F11426#F0,225,164,391,0,4280,107,26946
F11379#F0,226,150,379,2,4320,108,26946
F11334#F0,226,170,397,0,4360,109,26946
F11220#F0,216,163,381,0,4400,110,26946
F11134#F0,241,163,405,0,4440,111,26946
F11048#F0,228,152,382,0,4480,112,26946
F11011#F0,221,157,380,0,4520,113,26946
F10940#F0,229,163,393,1,4560,114,26946
F10916#F0,239,162,404,0,4600,115,26946
F10815#F0,219,166,387,0,4640,116,26946
F10780#F0,229,164,396,0,4680,117,26946
F10738#F0,244,169,415,0,4720,118,26946
F10630#F0,227,161,391,0,4760,119,26946
F10622#F0,235,176,413,1,4800,120,26946
F10552#F0,236,162,400,2,4840,121,26946
F10454#F0,236,167,405,0,4880,122,26946
F10413#F0,232,167,401,0,4920,123,26946
F10362#F0,233,163,398,0,4960,124,26946
F10306#F0,248,166,416,0,5000,125,26946
F10226#F0,237,158,396,0,5040,126,26946
F10177#F0,237,167,406,0,5080,127,26946
F10108#F0,246,171,419,0,5120,128,26946
F10044#F0,243,173,420,0,5160,129,26946
F10035#F0,256,152,409,0,5200,130,26946
F9978#F0,251,180,434,0,5240,131,26946
F9916#F0,260,180,441,0,5280,132,26946
F9872#F0,254,174,430,0,5320,133,26946
F9779#F0,256,183,441,1,5360,134,26946
F9774#F0,257,176,434,0,5400,135,26946
F9692#F0,259,175,436,0,5440,136,26946
F9644#F0,273,178,454,1,5480,137,26946
F9570#F0,264,179,445,0,5520,138,26946
F9522#F0,270,175,447,0,5560,139,26946
F9501#F0,253,193,448,1,5600,140,26946
F9411#F0,263,170,435,1,5640,141,26946
F9379#F0,280,178,460,1,5680,142,26946
F9330#F0,272,186,459,0,5720,143,26946
F9283#F0,269,176,447,1,5760,144,26946
F9252#F0,273,177,451,0,5800,145,26946
F9204#F0,310,187,499,0,5840,146,26946
F9126#F0,317,173,491,0,5880,147,26946
F9093#F0,285,186,473,0,5920,148,26946
F9029#F0,272,191,465,0,5960,149,26946
F8952#F0,277,194,473,1,6000,150,26946
F8913#F0,267,184,452,0,6040,151,26946
F8877#F0,291,189,482,0,6080,152,26946
F8831#F0,277,180,459,1,6120,153,26946
F8798#F0,286,187,475,1,6160,154,26946
F8754#F0,291,187,480,0,6200,155,26946
F8716#F0,294,192,488,1,6240,156,26946
F8648#F0,282,193,477,0,6280,157,26946
F8637#F0,292,174,468,1,6320,158,26946
F8593#F0,297,210,510,0,6360,159,26946
F8536#F0,299,186,486,0,6400,160,26946
F8501#F0,332,202,535,0,6440,161,26946
F8435#F0,332,213,547,0,6480,162,26946
F8407#F0,310,193,504,1,6520,163,26946
F8312#F0,305,212,518,0,6560,164,26946
F8251#F0,306,199,506,0,6600,165,26946
F8226#F0,312,200,514,0,6640,166,26946
F8185#F0,302,194,498,0,6680,167,26946
F8157#F0,307,193,502,0,6720,168,26946
F8081#F0,316,206,525,0,6760,169,26946
F8066#F0,323,192,517,0,6800,170,26946
F8026#F0,318,203,524,0,6840,171,26946
F7966#F0,315,205,521,1,6880,172,26946
F7911#F0,307,202,512,1,6920,173,26946
F7888#F0,323,201,525,0,6960,174,26946
F7847#F0,323,210,535,1,7000,175,26946
F7811#F0,341,274,618,0,7040,176,26946
F7747#F0,338,231,571,0,7080,177,26946
F7737#F0,328,202,532,0,7120,178,26946
F7681#F0,310,182,493,1,7160,179,26946
F7667#F0,323,205,530,0,7200,180,26946
F7595#F0,326,206,545,0,7240,181,26946
F7556#F0,329,214,546,0,7280,182,26946
F7515#F0,329,212,543,0,7320,183,26946
F7474#F0,336,199,537,0,7360,184,26946
F7446#F0,328,209,538,0,7400,185,26946
F7393#F0,330,201,533,0,7440,186,26946
F7352#F0,335,211,548,0,7480,187,26946
F7344#F0,334,232,568,1,7520,188,26946
F7302#F0,323,221,545,0,7560,189,26946
F7261#F0,347,220,568,1,7600,190,26946
F7230#F0,355,206,562,1,7640,191,26946
F7189#F0,323,206,531,0,7680,192,26946
F7172#F0,342,224,569,0,7720,193,26946
F7136#F0,348,220,570,0,7760,194,26946
F7074#F0,333,226,561,1,7800,195,26946
F7021#F0,348,216,566,1,7840,196,26946
F7007#F0,341,224,568,0,7880,197,26946
F6947#F0,367,227,596,0,7920,198,26946
F6930#F0,343,219,563,1,7960,199,26946
F6882#F0,349,225,587,0,8000,200,26946
F6853#F0,357,229,588,1,8040,201,26946
F6826#F0,361,241,604,0,8080,202,26946
F6766#F0,366,234,603,1,8120,203,26946
F6717#F0,389,238,629,0,8160,204,26946
F6701#F0,387,238,628,3,8200,205,26946
F6657#F0,404,226,632,0,8240,206,26946
F6623#F0,368,258,628,1,8280,207,26946
F6588#F0,396,227,624,0,8320,208,26946
F6550#F0,387,232,621,1,8360,209,26946
F6510#F0,362,248,613,0,8400,210,26946
F6480#F0,374,234,611,0,8440,211,26946
F6449#F0,402,251,654,1,8480,212,26946
F6415#F0,415,243,660,0,8520,213,26946
F6398#F0,391,227,632,1,8560,214,26946
F6355#F0,400,249,651,0,8600,215,26946
F6330#F0,424,265,691,1,8640,216,26946
F6276#F0,395,238,634,2,8680,217,26946
F6256#F0,371,247,620,0,8720,218,26946
F6231#F0,381,236,618,0,8760,219,26946
F6210#F0,384,228,614,1,8800,220,26946
F6176#F0,378,245,625,0,8840,221,26946
F6158#F0,384,230,615,2,8880,222,26946
F6106#F0,421,262,685,0,8920,223,26946
F6070#F0,416,243,660,0,8960,224,26946
F6064#F0,413,233,649,1,9000,225,26946
F6019#F0,410,253,665,0,9040,226,26946
F5972#F0,415,240,657,0,9080,227,26946
F5940#F0,406,238,647,2,9120,228,26946
F5923#F0,396,256,654,0,9160,229,26946
F5908#F0,410,241,654,2,9200,230,26946
F5876#F0,392,250,644,1,9240,231,26946
F5857#F0,421,243,667,0,9280,232,26946
F5835#F0,437,253,692,0,9320,233,26946
F5783#F0,412,252,666,0,9360,234,26946
F5774#F0,410,231,643,0,9400,235,26946
F5736#F0,413,237,653,1,9440,236,26946
F5706#F0,435,249,686,0,9480,237,26946
F5679#F0,445,237,684,0,9520,238,26946
F5642#F0,412,249,662,0,9560,239,26946
F5615#F0,431,249,682,0,9600,240,26946
F5600#F0,420,249,672,1,9640,241,26946
F5583#F0,418,258,679,0,9680,242,26946
F5565#F0,415,253,671,0,9720,243,26946
F5538#F0,420,253,676,0,9760,244,26946
F5503#F0,433,256,692,1,9800,245,26946
F5485#F0,417,269,688,0,9840,246,26946
F5473#F0,441,265,708,1,9880,247,26946
F5444#F0,427,251,680,0,9920,248,26946
F5401#F0,440,259,700,2,9960,249,26946
F5391#F0,438,263,702,1,10000,250,26946
F5362#F0,506,252,761,1,10040,251,26946
F5349#F0,425,253,680,2,10080,252,26946
F5321#F0,476,265,743,0,10120,253,26946
F5285#F0,459,279,740,1,10160,254,26946
F5269#F0,450,280,733,0,10200,255,26946
F5254#F0,466,282,750,0,10240,256,26946
F5230#F0,451,273,728,0,10280,257,26946
F5200#F0,451,263,717,0,10320,258,26946
F5183#F0,430,270,703,1,10360,259,26946
F5164#F0,451,262,716,1,10400,260,26946
F5149#F0,440,250,694,0,10440,261,26946
F5112#F0,450,260,712,0,10480,262,26946
F5095#F0,444,270,717,1,10520,263,26946
F5086#F0,453,277,731,0,10560,264,26946
F5050#F0,458,268,728,0,10600,265,26946
F5029#F0,454,269,726,2,10640,266,26946
F5010#F0,456,269,727,0,10680,267,26946
F4998#F0,488,273,764,1,10720,268,26946
F4985#F0,454,279,737,1,10760,269,26946
F4954#F0,460,270,733,1,10800,270,26946
F4920#F0,454,260,716,0,10840,271,26946
F4917#F0,469,281,752,1,10880,272,26946
F4872#F0,497,262,761,1,10920,273,26946
F4867#F0,471,292,765,1,10960,274,26946
F4842#F0,458,271,732,2,11000,275,26946
F4822#F0,479,282,763,1,11040,276,26946
F4798#F0,464,246,713,0,11080,277,26946
F4775#F0,466,277,745,2,11120,278,26946
F4759#F0,477,279,760,1,11160,279,26946
F4739#F0,485,277,765,0,11200,280,26946
F4709#F0,487,271,759,0,11240,281,26946
F4684#F0,478,285,764,2,11280,282,26946
F4670#F0,484,283,769,0,11320,283,26946
F4656#F0,500,280,782,2,11360,284,26946
F4634#F0,507,274,784,1,11400,285,26946
F4628#F0,483,282,766,1,11440,286,26946
F4614#F0,498,297,797,0,11480,287,26946
F4578#F0,520,288,809,2,11520,288,26946
F4561#F0,532,281,814,1,11560,289,26946
F4545#F0,469,295,766,0,11600,290,26946
F4536#F0,492,295,789,0,11640,291,26946
F4524#F0,496,307,805,0,11680,292,26946
F4510#F0,508,285,795,0,11720,293,26946
F4479#F0,490,288,781,0,11760,294,26946
F4450#F0,526,275,810,0,11800,295,26946
F4436#F0,515,292,810,0,11840,296,26946
F4426#F0,560,287,850,1,11880,297,26946
F4397#F0,516,305,823,0,11920,298,26946
F4392#F0,513,305,822,1,11960,299,26946
F4368#F0,515,328,846,0,12000,300,26946
F4345#F0,529,289,820,0,12040,301,26946
F4337#F0,515,320,838,1,12080,302,26946
F4317#F0,506,314,824,1,12120,303,26946
F4310#F0,521,316,839,1,12160,304,26946
F4289#F0,529,303,833,1,12200,305,26946
F4261#F0,534,292,829,0,12240,306,26946
F4243#F0,512,296,811,3,12280,307,26946
F4221#F0,504,299,806,2,12320,308,26946
F4200#F0,494,302,798,2,12360,309,26946
F4175#F0,546,313,860,2,12400,310,26946
F4167#F0,551,345,899,2,12440,311,26946
F4148#F0,523,318,842,1,12480,312,26946
F4125#F0,513,273,788,0,12520,313,26946
F4104#F0,523,305,831,0,12560,314,26946
F4094#F0,520,305,827,0,12600,315,26946
F4075#F0,544,313,859,1,12640,316,26946
F4062#F0,516,311,830,0,12680,317,26946
F4046#F0,546,307,856,1,12720,318,26946
F4023#F0,541,297,841,0,12760,319,26946
F4016#F0,557,308,868,1,12800,320,26946
F3990#F0,532,316,849,1,12840,321,26946
F3978#F0,541,312,855,1,12880,322,26946
F3960#F0,559,318,880,0,12920,323,26946
F3940#F0,560,329,891,1,12960,324,26946
F3925#F0,553,315,871,1,13000,325,26946
F3909#F0,544,317,862,1,13040,326,26946
F3897#F0,555,325,883,1,13080,327,26946
F3878#F0,541,323,868,0,13120,328,26946
F3877#F0,565,331,897,1,13160,329,26946
F3856#F0,590,303,895,0,13200,330,26946
F3840#F0,542,317,862,0,13240,331,26946
F3829#F0,696,289,987,1,13280,332,26946
F3824#F0,568,312,882,0,13320,333,26946
F3799#F0,567,326,895,1,13360,334,26946
F3790#F0,567,321,891,0,13400,335,26946
F3770#F0,559,332,892,0,13440,336,26946
F3748#F0,634,310,945,1,13480,337,26946
F3742#F0,664,299,966,0,13520,338,26946
F3729#F0,576,326,904,1,13560,339,26946
F3702#F0,565,333,901,1,13600,340,26946
F3688#F0,577,340,919,1,13640,341,26946
F3680#F0,567,319,889,0,13680,342,26946
F3654#F0,572,321,895,0,13720,343,26946
F3643#F0,569,323,894,0,13760,344,26946
F3631#F0,571,326,899,0,13800,345,26946
F3620#F0,572,328,902,0,13840,346,26946
F3604#F0,587,320,909,2,13880,347,26946
F3589#F0,593,341,936,2,13920,348,26946
F3582#F0,580,338,921,1,13960,349,26946
F3566#F0,581,346,929,0,14000,350,26946
F3546#F0,606,341,950,0,14040,351,26946
F3533#F0,605,354,961,2,14080,352,26946
F3518#F0,584,336,924,1,14120,353,26946
F3513#F0,591,341,935,1,14160,354,26946
F3499#F0,599,324,924,0,14200,355,26946
F3483#F0,611,338,951,0,14240,356,26946
F3478#F0,597,335,934,2,14280,357,26946
F3460#F0,613,331,946,0,14320,358,26946
F3448#F0,606,336,943,3,14360,359,26946
F3428#F0,598,335,935,0,14400,360,26946
F3411#F0,613,339,955,0,14440,361,26946
F3398#F0,624,389,1015,2,14480,362,26946
F3391#F0,654,390,1046,0,14520,363,26946
F3374#F0,644,349,995,1,14560,364,26946
F3361#F0,642,370,1015,1,14600,365,26946
F3353#F0,664,353,1019,0,14640,366,26946
F3334#F0,631,389,1021,1,14680,367,26946
F3322#F0,673,379,1055,2,14720,368,26946
F3318#F0,654,419,1074,1,14760,369,26946
F3297#F0,695,410,1107,2,14800,370,26946
F3292#F0,668,377,1047,2,14840,371,26946
F3281#F0,713,401,1116,0,14880,372,26946
F3271#F0,706,1117,1824,0,14920,373,26946
F3252#F0,711,377,1090,2,14960,374,26946
F3238#F0,686,396,1084,0,15000,375,26946
F3231#F0,724,402,1128,2,15040,376,26946
F3225#F0,741,415,1157,0,15080,377,26946
F3197#F0,738,387,1129,0,15120,378,26946
F3189#F0,710,375,1087,0,15160,379,26946
F3178#F0,684,376,1061,1,15200,380,26946
F3161#F0,697,361,1059,1,15240,381,26946
F3155#F0,677,361,1039,0,15280,382,26946
F3145#F0,666,349,1017,0,15320,383,26946
F3141#F0,710,354,1067,1,15360,384,26946
F3122#F0,667,351,1021,3,15400,385,26946
F3117#F0,700,351,1054,1,15440,386,26946
F3104#F0,675,351,1029,0,15480,387,26946
F3102#F0,696,407,1106,0,15520,388,26946
F3092#F0,701,382,1085,1,15560,389,26946
F3076#F0,709,371,1082,0,15600,390,26946
F3071#F0,695,388,1090,2,15640,391,26946
F3055#F0,684,380,1065,2,15680,392,26946
F3038#F0,662,355,1019,2,15720,393,26946
F3032#F0,698,362,1062,1,15760,394,26946
F3018#F0,719,380,1101,0,15800,395,26946
F3010#F0,727,368,1098,1,15840,396,26946
F3001#F0,660,367,1029,0,15880,397,26946
F2998#F0,654,361,1018,1,15920,398,26946
F2985#F0,622,356,980,1,15960,399,26946
F2980#F0,581,374,957,2,16000,400,26946
F2961#F0,585,377,965,0,16040,401,26946
F2949#F0,579,372,954,2,16080,402,26946
F2945#F0,585,360,948,2,16120,403,26946
F2924#F0,597,369,970,1,16160,404,26946
F2912#F0,590,363,956,0,16200,405,26946
F2901#F0,593,353,948,1,16240,406,26946
F2895#F0,596,372,970,0,16280,407,26946
F2886#F0,585,371,958,4,16320,408,26946
F2871#F0,609,381,992,1,16360,409,26946
F2862#F0,594,364,961,1,16400,410,26946
F2851#F0,649,367,1018,1,16440,411,26946
F2837#F0,602,374,978,0,16480,412,26946
F2836#F0,602,378,982,0,16520,413,26946
F2808#F0,637,402,1041,0,16560,414,26946
F2794#F0,691,423,1117,0,16600,415,26946
F2783#F0,1045,429,1475,1,16640,416,26946
F2770#F0,625,402,1030,0,16680,417,26946
F2763#F0,642,392,1036,0,16720,418,26946
F2749#F0,651,377,1029,0,16760,419,26946
F2744#F0,666,398,1067,1,16800,420,26946
F2736#F0,641,399,1042,1,16840,421,26946
F2731#F0,613,390,1004,0,16880,422,26946
F2725#F0,632,389,1023,2,16920,423,26946
F2719#F0,609,382,994,1,16960,424,26946
F2704#F0,611,387,1009,1,17000,425,26946
F2696#F0,667,382,1052,1,17040,426,26946
F2681#F0,625,404,1034,1,17080,427,26946
F2680#F0,637,397,1037,1,17120,428,26946
F2671#F0,658,433,1094,3,17160,429,26946
F2652#F0,651,394,1048,1,17200,430,26946
F2637#F0,629,392,1024,2,17240,431,26946
F2634#F0,644,400,1046,0,17280,432,26946
F2621#F0,631,384,1020,1,17320,433,26946
F2609#F0,627,437,1068,0,17360,434,26946
F2605#F0,638,390,1031,2,17400,435,26946
F2594#F0,659,408,1071,2,17440,436,26946
F2591#F0,653,406,1062,1,17480,437,26946
F2580#F0,648,406,1058,0,17520,438,26946
F2576#F0,676,396,1075,3,17560,439,26946
F2568#F0,689,420,1113,1,17600,440,26946
F2563#F0,659,391,1052,2,17640,441,26946
F2554#F0,656,410,1069,3,17680,442,26946
F2548#F0,641,404,1046,0,17720,443,26946
F2546#F0,677,414,1093,3,17760,444,26946
F2526#F0,673,418,1092,1,17800,445,26946
F2520#F0,674,415,1090,2,17840,446,26946
F2514#F0,646,417,1066,5,17880,447,26946
F2504#F0,637,414,1053,1,17920,448,26946
F2493#F0,658,394,1054,2,17960,449,26946
F2482#F0,630,396,1029,0,18000,450,26946
F2463#F0,639,410,1051,0,18040,451,26946
F2457#F0,661,393,1057,0,18080,452,26946
F2448#F0,634,400,1036,2,18120,453,26946
F2445#F0,621,394,1018,3,18160,454,26946
F2440#F0,648,407,1058,0,18200,455,26946
F2426#F0,663,411,1076,0,18240,456,26946
F2416#F0,674,412,1089,4,18280,457,26946
F2411#F0,675,443,1119,0,18320,458,26946
F2403#F0,690,408,1100,0,18360,459,26946
F2399#F0,673,428,1103,1,18400,460,26946
F2394#F0,685,458,1146,0,18440,461,26946
F2381#F0,721,418,1142,1,18480,462,26946
F2373#F0,665,436,1111,2,18520,463,26946
F2366#F0,1324,471,1798,4,18560,464,26946
F2357#F0,682,458,1142,0,18600,465,26946
F2345#F0,671,406,1079,0,18640,466,26946
F2335#F0,656,421,1081,2,18680,467,26946
F2333#F0,674,412,1090,1,18720,468,26946
F2326#F0,697,399,1099,2,18760,469,26946
F2319#F0,710,430,1143,2,18800,470,26946
F2312#F0,684,447,1134,0,18840,471,26946
F2305#F0,703,464,1169,2,18880,472,26946
F2303#F0,711,419,1133,2,18920,473,26946
F2297#F0,678,414,1094,2,18960,474,26946
F2294#F0,695,437,1134,0,19000,475,26946
F2284#F0,733,402,1138,2,19040,476,26946
F2278#F0,694,431,1127,0,19080,477,26946
F2271#F0,683,429,1114,1,19120,478,26946
F2263#F0,695,453,1151,1,19160,479,26946
F2251#F0,681,412,1095,0,19200,480,26946
F2244#F0,682,431,1115,1,19240,481,26946
F2238#F0,687,424,1114,4,19280,482,26946
F2227#F0,686,432,1120,0,19320,483,26946
F2221#F0,727,430,1159,2,19360,484,26946
F2215#F0,715,638,1355,4,19400,485,26946
F2209#F0,719,484,1208,2,19440,486,26946
F2202#F0,724,439,1167,2,19480,487,26946
F2199#F0,726,474,1202,1,19520,488,26946
F2185#F0,719,831,1552,0,19560,489,26946
F2180#F0,764,421,1187,0,19600,490,26946
F2172#F0,746,430,1179,1,19640,491,26946
F2165#F0,733,450,1186,0,19680,492,26946
F2158#F0,713,466,1181,2,19720,493,26946
F2149#F0,702,436,1141,1,19760,494,26946
F2139#F0,727,477,1216,1,19800,495,26946
F2135#F0,733,443,1179,1,19840,496,26946
F2130#F0,708,434,1144,0,19880,497,26946
F2120#F0,715,436,1154,1,19920,498,26946
F2118#F0,715,432,1149,2,19960,499,26946
F2109#F0,710,441,1153,0,20000,500,26946
F2099#F0,712,414,1131,2,20040,501,26946
F2095#F0,706,449,1158,0,20080,502,26946
F2085#F0,721,455,1179,1,20120,503,26946
F2081#F0,724,446,1172,2,20160,504,26946
F2073#F0,720,446,1168,0,20200,505,26946
F2067#F0,725,446,1174,1,20240,506,26946
F2052#F0,725,422,1150,2,20280,507,26946
F2048#F0,729,461,1191,0,20320,508,26946
F2039#F0,782,455,1239,2,20360,509,26946
F2037#F0,757,482,1241,0,20400,510,26946
F2026#F0,742,462,1206,2,20440,511,26946
F2023#F0,768,464,1235,1,20480,512,26946
F2013#F0,749,483,1235,0,20520,513,26946
F2010#F0,898,658,1560,4,20560,514,26946
F2005#F0,948,496,1447,1,20600,515,26946
F1998#F0,860,583,1446,1,20640,516,26946
F1997#F0,837,465,1304,2,20680,517,26946
F1989#F0,791,473,1266,1,20720,518,26946
F1980#F0,789,496,1289,2,20760,519,26946
F1979#F0,777,1244,2022,0,20800,520,26946
F1972#F0,818,464,1286,0,20840,521,26946
F1970#F0,761,459,1222,1,20880,522,26946
F1967#F0,1737,522,2263,2,20920,523,26946
F1959#F0,788,522,1314,2,20960,524,26946
F1955#F0,807,468,1278,0,21000,525,26946
F1951#F0,779,449,1231,0,21040,526,26946
F1946#F0,761,470,1233,2,21080,527,26946
F1943#F0,772,459,1232,1,21120,528,26946
F1940#F0,758,474,1236,0,21160,529,26946
F1930#F0,771,466,1239,0,21200,530,26946
F1921#F0,780,460,1243,2,21240,531,26946
F1914#F0,771,476,1251,1,21280,532,26946
F1906#F0,789,468,1260,1,21320,533,26946
F1902#F0,795,463,1261,1,21360,534,26946
F1897#F0,764,457,1225,1,21400,535,26946
F1894#F0,768,473,1242,2,21440,536,26946
F1889#F0,766,450,1218,2,21480,537,26946
F1883#F0,745,468,1214,0,21520,538,26946
F1881#F0,742,460,1204,2,21560,539,26946
F1877#F0,765,468,1236,2,21600,540,26946
F1870#F0,741,461,1204,1,21640,541,26946
F1863#F0,763,454,1220,2,21680,542,26946
F1860#F0,773,464,1238,1,21720,543,26946
F1855#F0,757,467,1227,2,21760,544,26946
F1851#F0,768,476,1246,1,21800,545,26946
F1848#F0,750,480,1233,0,21840,546,26946
F1836#F0,783,469,1255,4,21880,547,26946
F1833#F0,768,469,1239,0,21920,548,26946
F1830#F0,763,470,1237,1,21960,549,26946
F1827#F0,766,472,1240,2,22000,550,26946
F1820#F0,751,474,1228,0,22040,551,26946
F1812#F0,760,479,1242,0,22080,552,26946
F1809#F0,764,483,1249,0,22120,553,26946
F1804#F0,762,480,1243,1,22160,554,26946
F1801#F0,763,477,1242,0,22200,555,26946
F1792#F0,770,486,1258,2,22240,556,26946
F1788#F0,768,480,1249,0,22280,557,26946
F1783#F0,767,483,1252,0,22320,558,26946
F1780#F0,959,513,1476,1,22360,559,26946
F1776#F0,767,484,1253,0,22400,560,26946
F1775#F0,762,478,1242,4,22440,561,26946
F1772#F0,768,489,1259,1,22480,562,26946
F1765#F0,779,480,1262,0,22520,563,26946
F1762#F0,777,482,1263,2,22560,564,26946
F1756#F0,785,494,1281,2,22600,565,26946
F1748#F0,782,485,1269,2,22640,566,26946
F1744#F0,805,489,1297,2,22680,567,26946
F1740#F0,783,496,1281,2,22720,568,26946
F1737#F0,1346,506,1855,0,22760,569,26946
F1733#F0,1124,489,1615,1,22800,570,26946
F1731#F0,791,484,1276,0,22840,571,26946
F1729#F0,796,487,1285,4,22880,572,26946
F1719#F0,793,495,1290,0,22920,573,26946
F1710#F0,809,485,1296,1,22960,574,26946
F1708#F0,790,489,1280,1,23000,575,26946
F1704#F0,806,513,1322,1,23040,576,26946
F1699#F0,796,513,1312,2,23080,577,26946
F1697#F0,800,500,1303,0,23120,578,26946
F1693#F0,823,511,1337,0,23160,579,26946
F1687#F0,821,496,1319,4,23200,580,26946
F1682#F0,803,505,1311,2,23240,581,26946
F1678#F0,795,517,1315,1,23280,582,26946
F1671#F0,831,500,1334,4,23320,583,26946
F1662#F0,823,503,1330,1,23360,584,26946
F1658#F0,820,489,1312,2,23400,585,26946
F1652#F0,801,488,1291,0,23440,586,26946
F1648#F0,828,525,1355,0,23480,587,26946
F1640#F0,840,551,1394,0,23520,588,26946
F1638#F0,846,532,1380,1,23560,589,26946
F1637#F0,842,520,1365,1,23600,590,26946
F1636#F0,839,532,1374,1,23640,591,26946
F1633#F0,830,502,1334,3,23680,592,26946
F1625#F0,823,506,1335,0,23720,593,26946
F1622#F0,815,493,1311,2,23760,594,26946
F1616#F0,816,507,1325,0,23800,595,26946
F1612#F0,827,508,1337,4,23840,596,26946
F1608#F0,821,506,1329,2,23880,597,26946
F1606#F0,852,513,1369,2,23920,598,26946
F1602#F0,835,515,1352,0,23960,599,26946
F1600#F0,1076,506,1585,0,24000,600,26946
F1597#F0,854,525,1381,2,24040,601,26946
F1589#F0,841,471,1315,1,24080,602,26946
F1584#F0,865,507,1375,1,24120,603,26946
F1580#F0,839,520,1361,2,24160,604,26946
F1576#F0,825,511,1338,1,24200,605,26946
F1573#F0,853,509,1363,2,24240,606,26946
F1570#F0,833,518,1354,0,24280,607,26946
F1565#F0,825,531,1357,0,24320,608,26946
F1560#F0,847,520,1370,3,24360,609,26946
F1555#F0,834,529,1366,4,24400,610,26946
F1549#F0,842,531,1375,2,24440,611,26946
F1548#F0,862,519,1384,2,24480,612,26946
F1545#F0,859,495,1357,1,24520,613,26946
F1541#F0,855,513,1370,0,24560,614,26946
F1537#F0,861,533,1396,1,24600,615,26946
F1535#F0,874,525,1401,0,24640,616,26946
F1528#F0,880,527,1410,1,24680,617,26946
F1519#F0,847,533,1382,0,24720,618,26946
F1517#F0,873,526,1401,0,24760,619,26946
F1513#F0,877,543,1423,1,24800,620,26946
F1509#F0,1047,563,1612,1,24840,621,26946
F1505#F0,880,519,1402,2,24880,622,26946
F1500#F0,866,533,1402,1,24920,623,26946
F1498#F0,873,532,1408,4,24960,624,26946
F1495#F0,872,518,1393,1,25000,625,26946
F1494#F0,894,531,1428,0,25040,626,26946
F1485#F0,918,549,1469,3,25080,627,26946
F1482#F0,883,527,1413,3,25120,628,26946
F1481#F0,882,548,1432,1,25160,629,26946
F1472#F0,882,541,1425,1,25200,630,26946
F1468#F0,872,538,1414,1,25280,632,26946
F1467#F0,879,551,1433,1,25320,633,26946
F1464#F0,886,535,1422,1,25360,634,26946
F1458#F0,906,539,1447,0,25400,635,26946
F1455#F0,896,543,1443,0,25440,636,26946
F1449#F0,1008,563,1574,1,25480,637,26946
F1447#F0,929,588,1519,2,25520,638,26946
F1441#F0,937,556,1495,5,25560,639,26946
F1437#F0,936,573,1512,0,25600,640,26946
F1434#F0,936,581,1519,0,25640,641,26946
F1428#F0,981,585,1570,1,25680,642,26946
F1424#F0,6045,1662,7712,1,25720,643,26946
F1420#F0,3103,2820,5932,3,25760,644,26946
F1417#F0,4180,3263,7448,2,25800,645,26946
F1416#F0,3078,951,4034,2,25840,646,26946
F1413#F0,3173,2698,5881,1,25880,647,26946
F1411#F0,3337,1616,4958,3,25920,648,26946
F1399#F0,1842,1179,3031,1,25960,649,26946
F1394#F0,2068,1474,3549,2,26000,650,26946
F1386#F0,3888,948,4847,0,26040,651,26946
F1384#F0,1792,889,2684,1,26080,652,26946
F1379#F0,2376,947,3351,3,26120,653,26946
F1376#F0,1985,902,2902,3,26160,654,26946
F1372#F0,2334,1030,3368,1,26200,655,26946
F1367#F0,1888,1037,2939,2,26240,656,26946
F1365#F0,1756,993,2753,0,26280,657,26946
F1359#F0,1808,2157,3970,1,26320,658,26946
F1355#F0,1860,1125,2996,0,26360,659,26946
F1354#F0,1906,1244,3169,1,26440,661,26946
F1347#F0,1912,1292,3209,4,26480,662,26946
F1345#F0,1870,1206,3084,2,26520,663,26946
F1340#F0,1914,1140,3061,1,26560,664,26946
F1339#F0,1856,1222,3086,2,26600,665,26946
F1336#F0,1848,1479,3335,0,26640,666,26946
F1335#F0,5991,1298,7298,3,26680,667,26946
F1331#F0,5619,3108,8737,0,26720,668,26946
F1326#F0,3301,2331,5643,0,26760,669,26946
F1325#F0,4901,1229,6142,0,26840,671,26946
F1318#F0,8534,1272,9825,0,26880,672,26946
F1315#F0,5595,1321,6930,1,26960,674,26946
F1309#F0,5366,1664,7034,0,27000,675,26946
F1306#F0,4533,1148,5685,3,27040,676,26946
F1303#F0,4687,1171,5867,0,27080,677,26946
F1299#F0,6083,3370,9467,2,27120,678,26946
F1291#F0,3986,1292,5289,3,27160,679,26946
F1289#F0,5737,1167,6917,0,27200,680,26946
F1287#F0,5661,1269,6944,1,27240,681,26946
F1286#F0,5998,1215,7224,2,27280,682,26946
F1284#F0,5384,1488,6882,1,27320,683,26946
F1283#F0,5749,1304,7062,2,27360,684,26946
F1277#F0,5723,670,6398,4,27400,685,26946
F1274#F0,2247,710,2960,3,27440,686,26946
F1272#F0,1265,595,1864,4,27480,687,26946
F1269#F0,1304,644,1950,1,27520,688,26946
F1266#F0,1334,605,1943,2,27560,689,26946
F1264#F0,1315,654,1971,0,27600,690,26946
F1262#F0,1387,677,2067,3,27640,691,26946
F1260#F0,1397,737,2136,1,27680,692,26946
F1256#F0,1594,688,2285,1,27720,693,26946
F1252#F0,1339,673,2015,4,27760,694,26946
F1250#F0,1311,839,2153,1,27800,695,26946
F1247#F0,1501,1090,2595,1,27840,696,26946
F1241#F0,1371,1010,2383,1,27880,697,26946
F1240#F0,1427,990,2420,0,27920,698,26946
F1238#F0,1599,712,2314,1,27960,699,26946
F1233#F0,1237,641,1881,2,28040,701,26946
F1230#F0,1229,641,1872,0,28080,702,26946
F1228#F0,1189,611,1803,0,28120,703,26946
F1225#F0,1149,605,1757,0,28160,704,26946
F1224#F0,1037,616,1656,1,28240,706,26946
F1223#F0,1037,612,1652,1,28280,707,26946
F1215#F0,1088,651,1741,2,28320,708,26946
F1210#F0,1761,666,2429,5,28360,709,26946
F1206#F0,1943,1058,3004,3,28400,710,26946
F1205#F0,1254,711,1967,0,28440,711,26946
F1201#F0,1408,726,2137,3,28480,712,26946
F1200#F0,1720,676,2399,2,28520,713,26946
F1197#F0,1364,786,2154,1,28560,714,26946
F1194#F0,1886,848,2736,2,28600,715,26946
F1193#F0,1866,760,2629,2,28640,716,26946
F1186#F0,1949,695,2647,2,28680,717,26946
F1184#F0,1887,702,2591,5,28720,718,26946
F1180#F0,2585,627,3215,0,28760,719,26946
F1179#F0,1309,689,2001,0,28800,720,26946
F1177#F0,1569,871,2443,1,28840,721,26946
F1176#F0,1467,664,2133,2,28880,722,26946
F1172#F0,1265,696,1963,1,28920,723,26946
F1170#F0,1233,625,1861,2,28960,724,26946
F1167#F0,1599,664,2265,1,29000,725,26946
F1166#F0,1691,606,2300,5,29040,726,26946
F1160#F0,1505,620,2129,1,29080,727,26946
F1156#F0,1269,656,1927,1,29120,728,26946
F1153#F0,1221,644,1868,3,29160,729,26946
F1151#F0,1198,626,1827,2,29200,730,26946
F1142#F0,1240,633,1876,1,29280,732,26946
F1137#F0,1179,642,1825,2,29320,733,26946
F1136#F0,1217,638,1858,1,29360,734,26946
F1135#F0,1255,623,1882,3,29400,735,26946
F1132#F0,1189,634,1825,2,29440,736,26946
F1128#F0,1188,660,1851,3,29480,737,26946
F1123#F0,1197,670,1870,1,29520,738,26946
F1121#F0,1178,624,1805,2,29560,739,26946
F1120#F0,1151,638,1792,3,29600,740,26946
F1118#F0,1161,659,1822,2,29640,741,26946
F1116#F0,1184,657,1844,3,29680,742,26946
F1113#F0,1196,644,1842,1,29720,743,26946
F1111#F0,1210,646,1858,1,29760,744,26946
F1108#F0,1177,658,1838,0,29800,745,26946
F1102#F0,1174,657,1834,0,29840,746,26946
F1099#F0,1186,640,1831,2,29920,748,26946
F1096#F0,1188,648,1840,1,29960,749,26946
F1094#F0,1217,654,1873,2,30000,750,26946
F1092#F0,1189,673,1865,3,30040,751,26946
F1089#F0,1194,655,1853,1,30080,752,26946
F1088#F0,1222,668,1894,1,30120,753,26946
F1085#F0,1216,645,1864,4,30160,754,26946
F1081#F0,1203,677,1884,2,30200,755,26946
F1078#F0,1229,666,1898,1,30240,756,26946
F1075#F0,1260,690,1954,1,30280,757,26946
F1073#F0,1237,666,1908,2,30320,758,26946
F1069#F0,1179,665,1849,2,30360,759,26946
F1063#F0,1185,658,1846,1,30400,760,26946
F1061#F0,1191,651,1846,2,30440,761,26946
F1059#F0,1237,705,1944,1,30480,762,26946
F1058#F0,1238,670,1913,0,30520,763,26946
F1057#F0,1233,674,1910,4,30560,764,26946
F1056#F0,1222,659,1883,0,30600,765,26946
F1050#F0,1233,660,1895,3,30640,766,26946
F1047#F0,1206,704,1917,2,30680,767,26946
F1044#F0,1217,669,1889,2,30720,768,26946
F1043#F0,1228,711,1942,4,30760,769,26946
F1039#F0,1254,672,1929,2,30800,770,26946
F1037#F0,1221,654,1878,2,30840,771,26946
F1032#F0,1245,646,1893,1,30880,772,26946
F1029#F0,1210,668,1881,0,30920,773,26946
F1027#F0,1234,666,1903,1,30960,774,26946
F1022#F0,1226,700,1929,0,31000,775,26946
F1020#F0,1249,694,1946,2,31040,776,26946
F1017#F0,1218,688,1910,2,31080,777,26946
F1015#F0,1212,659,1874,1,31120,778,26946
F1012#F0,1222,660,1884,1,31160,779,26946
F1008#F0,1227,662,1892,2,31200,780,26946
F1006#F0,1267,704,1973,3,31240,781,26946
F1004#F0,1237,679,1918,3,31280,782,26946
F1002#F0,1248,648,1899,0,31320,783,26946
F998#F0,1276,706,1985,1,31360,784,26946
F996#F0,1295,773,2070,3,31400,785,26946
F995#F0,1261,675,1939,0,31440,786,26946
F991#F0,1250,688,1941,1,31480,787,26946
F990#F0,1299,683,1985,1,31520,788,26946
F984#F0,1206,679,1888,2,31560,789,26946
F982#F0,1202,691,1895,1,31600,790,26946
F981#F0,1218,684,1906,2,31640,791,26946
F979#F0,1219,690,1912,3,31680,792,26946
F976#F0,1229,701,1933,6,31720,793,26946
F973#F0,1206,697,1906,2,31760,794,26946
F971#F0,1242,702,1948,4,31840,796,26946
F968#F0,1245,675,1923,0,31880,797,26946
F967#F0,1214,681,1898,0,31920,798,26946
F966#F0,1235,695,1933,3,31960,799,26946
F963#F0,1240,692,1935,2,32040,801,26946
F962#F0,1242,705,1950,1,32080,802,26946
F961#F0,1272,716,1990,3,32120,803,26946
F958#F0,1286,710,1999,4,32160,804,26946
F957#F0,1311,742,2055,2,32200,805,26946
F953#F0,1275,746,2023,3,32240,806,26946
F947#F0,1367,705,2074,4,32280,807,26946
F944#F0,1236,711,1951,4,32320,808,26946
F942#F0,1229,678,1909,2,32360,809,26946
F939#F0,1222,697,1921,1,32400,810,26946
F937#F0,1243,714,1959,2,32440,811,26946
F935#F0,1271,705,1979,3,32480,812,26946
F932#F0,1258,703,1963,4,32520,813,26946
F928#F0,1230,698,1930,1,32560,814,26946
F925#F0,1237,707,1946,0,32600,815,26946
F924#F0,1240,691,1934,0,32640,816,26946
F923#F0,1265,718,1986,3,32680,817,26946
F921#F0,1300,725,2028,1,32720,818,26946
F919#F0,1260,725,1988,2,32760,819,26946
F918#F0,1267,766,2036,3,32800,820,26946
F916#F0,1315,795,2112,2,32880,822,26946
F910#F0,1432,734,2168,4,32920,823,26946
F907#F0,1405,753,2161,1,33000,825,26946
F906#F0,1345,815,2162,2,33040,826,26946
F902#F0,1340,767,2110,0,33080,827,26946
F900#F0,1329,2000,3332,1,33120,828,26946
F897#F0,1707,861,2570,3,33160,829,26946
F894#F0,1386,738,2128,1,33240,831,26946
F893#F0,1305,745,2051,0,33280,832,26946
F891#F0,1284,707,1994,2,33320,833,26946
F889#F0,1296,700,1999,1,33400,835,26946
F888#F0,1283,717,2003,0,33440,836,26946
F887#F0,1278,698,1978,2,33520,838,26946
F884#F0,1274,729,2006,0,33560,839,26946
F881#F0,1291,709,2003,0,33640,841,26946
F873#F0,1295,740,2037,1,33680,842,26946
F869#F0,1323,751,2077,5,33720,843,26946
F866#F0,1283,742,2027,2,33760,844,26946
F864#F0,1321,737,2060,0,33800,845,26946
F863#F0,1319,733,2055,3,33840,846,26946
F861#F0,1314,724,2040,4,33880,847,26946
F858#F0,1437,731,2170,3,33960,849,26946
F853#F0,1297,735,2034,5,34000,850,26946
F852#F0,1305,745,2052,3,34040,851,26946
F851#F0,1395,730,2127,2,34080,852,26946
F850#F0,1355,736,2093,2,34120,853,26946
F845#F0,1305,781,2089,2,34160,854,26946
F844#F0,1383,776,2162,0,34200,855,26946
F843#F0,1429,752,2184,1,34320,858,26946
F842#F0,1401,757,2162,1,34360,859,26946
F840#F0,1357,742,2101,2,34400,860,26946
F839#F0,1361,742,2106,3,34480,862,26946
F838#F0,1363,726,2092,1,34520,863,26946
F835#F0,1359,768,2130,3,34560,864,26946
F832#F0,1368,789,2159,1,34600,865,26946
F830#F0,1366,742,2111,6,34640,866,26946
F829#F0,1382,736,2122,4,34680,867,26946
F827#F0,1339,727,2068,3,34720,868,26946
F825#F0,1327,742,2072,3,34760,869,26946
F823#F0,1373,776,2152,2,34800,870,26946
F822#F0,1370,750,2122,0,34840,871,26946
F820#F0,1389,737,2129,3,34880,872,26946
F819#F0,1367,741,2111,1,34920,873,26946
F818#F0,1381,759,2143,1,34960,874,26946
F814#F0,1428,747,2179,2,35000,875,26946
F813#F0,1395,764,2161,3,35040,876,26946
F812#F0,1338,757,2097,5,35080,877,26946
F807#F0,1444,759,2206,1,35120,878,26946
F806#F0,1381,757,2141,3,35160,879,26946
F805#F0,1328,760,2090,1,35200,880,26946
F803#F0,1381,750,2133,6,35240,881,26946
F801#F0,1356,749,2106,1,35280,882,26946
F798#F0,1355,751,2109,3,35320,883,26946
F796#F0,1327,757,2087,3,35360,884,26946
F795#F0,1459,827,2289,2,35400,885,26946
F793#F0,1481,790,2275,0,35440,886,26946
F792#F0,1431,882,2316,2,35480,887,26946
F789#F0,1461,790,2253,0,35520,888,26946
F788#F0,1884,916,2803,0,35600,890,26946
F786#F0,1663,1057,2724,3,35640,891,26946
F785#F0,1732,1391,3126,4,35680,892,26946
F783#F0,1856,1038,2896,3,35720,893,26946
F782#F0,1700,793,2495,3,35760,894,26946
F781#F0,1528,774,2304,4,35800,895,26946
F777#F0,1516,787,2307,0,35840,896,26946
F775#F0,1623,791,2417,2,35880,897,26946
F772#F0,1614,799,2416,0,35920,898,26946
F771#F0,1877,778,2658,2,35960,899,26946
F770#F0,1645,778,2426,3,36000,900,26946
F769#F0,1702,806,2511,1,36040,901,26946
F765#F0,1747,906,2656,1,36080,902,26946
F764#F0,1754,910,2667,4,36120,903,26946
F760#F0,1673,815,2491,1,36160,904,26946
F756#F0,1718,797,2519,0,36240,906,26946
F752#F0,1702,854,2559,1,36320,908,26946
F751#F0,1753,780,2537,2,36360,909,26946
F749#F0,1705,802,2510,0,36400,910,26946
F747#F0,1777,826,2607,1,36440,911,26946
F745#F0,1635,807,2445,1,36480,912,26946
F742#F0,1703,817,2523,0,36520,913,26946
F740#F0,1568,788,2359,3,36560,914,26946
F735#F0,1711,806,2520,2,36600,915,26946
F734#F0,1717,791,2511,1,36680,917,26946
F731#F0,1733,787,2524,2,36720,918,26946
F730#F0,1777,806,2587,2,36800,920,26946
F728#F0,1739,816,2558,0,36880,922,26946
F727#F0,1767,816,2586,1,36920,923,26946
F726#F0,1701,799,2503,1,36960,924,26946
F725#F0,1715,827,2546,3,37040,926,26946
F722#F0,1699,816,2518,3,37080,927,26946
F721#F0,1694,834,2531,2,37200,930,26946
F720#F0,1630,818,2451,3,37280,932,26946
F719#F0,1786,835,2623,2,37400,935,26946
F716#F0,1609,907,2520,3,37440,936,26946
F715#F0,1803,898,2704,1,37480,937,26946
F714#F0,1882,834,2718,1,37520,938,26946
F713#F0,1768,843,2614,2,37560,939,26946
F709#F0,1598,801,2401,4,37600,940,26946
F707#F0,1791,811,2605,2,37640,941,26946
F704#F0,1946,2456,4406,2,37680,942,26946
F700#F0,1982,821,2806,2,37760,944,26946
F698#F0,1846,1013,2862,1,37800,945,26946
F697#F0,1792,846,2640,7,37920,948,26946
F693#F0,1632,823,2458,0,38000,950,26946
F692#F0,1889,867,2758,4,38120,953,26946
F691#F0,2027,841,2871,1,38160,954,26946
F690#F0,1647,824,2475,2,38200,955,26946
F686#F0,1841,839,2683,1,38240,956,26946
F684#F0,1806,852,2661,1,38320,958,26946
F682#F0,1618,839,2460,1,38360,959,26946
F679#F0,1867,848,2719,5,38400,960,26946
F678#F0,1725,851,2579,5,38440,961,26946
F677#F0,1836,837,2678,2,38480,962,26946
F674#F0,1894,848,2746,2,38520,963,26946
F671#F0,1909,855,2767,0,38600,965,26946
F668#F0,1882,855,2741,5,38680,967,26946
F666#F0,1967,856,2826,4,38760,969,26946
F664#F0,1889,843,2735,2,38800,970,26946
F663#F0,1841,854,2698,4,38840,971,26946
F662#F0,1943,866,2813,1,38880,972,26946
F661#F0,1905,845,2754,3,38920,973,26946
F660#F0,2023,875,2901,2,38960,974,26946
F659#F0,1978,844,2826,1,39000,975,26946
F658#F0,1825,841,2670,3,39040,976,26946
F657#F0,1846,886,2735,3,39120,978,26946
F655#F0,1810,857,2672,2,39160,979,26946
F654#F0,1851,867,2721,2,39280,982,26946
F653#F0,1809,845,2657,5,39320,983,26946
F652#F0,1768,864,2635,1,39360,984,26946
F651#F0,1825,866,2694,3,39400,985,26946
F650#F0,1894,841,2739,4,39480,987,26946
F649#F0,2005,854,2862,0,39520,988,26946
F647#F0,1975,918,2897,5,39560,989,26946
F645#F0,2182,923,3108,3,39600,990,26946
F644#F0,1976,857,2836,1,39640,991,26946
F642#F0,1962,859,2825,2,39680,992,26946
F641#F0,1968,851,2822,2,39720,993,26946
F638#F0,2023,866,2892,2,39760,994,26946
F637#F0,1827,869,2699,1,39800,995,26946
F635#F0,2053,882,2946,1,39840,996,26946
F633#F0,1696,856,2555,1,39880,997,26946
F632#F0,1854,871,2729,5,39920,998,26946
F630#F0,1866,881,2751,2,39960,999,26946
F629#F0,1850,868,2722,4,40000,1000,26946
F627#F0,1834,845,2682,0,40040,1001,26946
F624#F0,1727,859,2589,2,40080,1002,26946
F622#F0,1851,890,2745,1,40160,1004,26946
F619#F0,1864,981,2847,2,40200,1005,26946
F616#F0,2027,926,2956,5,40240,1006,26946
F615#F0,1942,884,2830,3,40280,1007,26946
F613#F0,2043,871,2918,6,40320,1008,26946
F612#F0,2011,868,2884,2,40440,1011,26946
F611#F0,1881,866,2750,4,40480,1012,26946
F609#F0,1923,891,2817,3,40520,1013,26946
F607#F0,2023,903,2929,1,40600,1015,26946
F604#F0,1974,892,2869,2,40640,1016,26946
F603#F0,1984,872,2859,2,40680,1017,26946
F602#F0,1811,921,2735,2,40720,1018,26946
F599#F0,2126,886,3015,3,40800,1020,26946
F598#F0,2054,890,2947,3,40880,1022,26946
F597#F0,2006,902,2911,2,40920,1023,26946
F595#F0,1855,904,2763,2,40960,1024,26946
F594#F0,1799,903,2706,2,41080,1027,26946
F592#F0,1725,899,2628,0,41120,1028,26946
F591#F0,2014,899,2916,2,41160,1029,26946
F590#F0,1989,913,2905,1,41240,1031,26946
F588#F0,1988,905,2897,3,41280,1032,26946
F587#F0,1988,906,2899,3,41320,1033,26946
F586#F0,2106,882,3007,1,41360,1034,26946
F585#F0,1966,888,2858,4,41440,1036,26946
F584#F0,2014,893,2917,3,41480,1037,26946
F583#F0,2087,896,2989,3,41520,1038,26946
F582#F0,2058,918,2979,2,41600,1040,26946
F580#F0,2039,884,2926,0,41640,1041,26946
F578#F0,2020,879,2902,3,41680,1042,26946
F576#F0,2078,959,3041,3,41760,1044,26946
F574#F0,1897,899,2800,4,41800,1045,26946
F572#F0,1966,933,2902,4,41880,1047,26946
F571#F0,2033,913,2950,2,41920,1048,26946
F570#F0,2111,909,3024,1,41960,1049,26946
F569#F0,2112,898,3014,3,42000,1050,26946
F568#F0,2138,933,3075,0,42040,1051,26946
F564#F0,2129,894,3027,1,42080,1052,26946
F563#F0,2043,931,2977,0,42160,1054,26946
F560#F0,2092,906,3002,2,42200,1055,26946
F557#F0,2035,921,2965,2,42240,1056,26946
F554#F0,2104,920,3027,2,42280,1057,26946
F553#F0,1837,911,2751,4,42320,1058,26946
F552#F0,2052,901,2956,4,42400,1060,26946
F551#F0,2100,932,3035,1,42560,1064,26946
F549#F0,2138,944,3086,2,42640,1066,26946
F548#F0,2081,928,3013,4,42680,1067,26946
F545#F0,2052,914,2970,3,42720,1068,26946
F544#F0,1949,947,2899,0,42760,1069,26946
F542#F0,1877,916,2798,4,42800,1070,26946
F539#F0,2103,923,3030,4,42840,1071,26946
F538#F0,2132,939,3075,1,42880,1072,26946
F536#F0,2184,949,3137,1,42960,1074,26946
F534#F0,2171,959,3134,4,43000,1075,26946
F533#F0,1876,1062,2941,0,43120,1078,26946
F531#F0,2202,954,3162,2,43200,1080,26946
F529#F0,2092,1043,3140,3,43240,1081,26946
F525#F0,2486,930,3421,3,43280,1082,26946
F524#F0,1873,927,2805,2,43320,1083,26946
F523#F0,2149,940,3093,4,43400,1085,26946
F522#F0,2169,937,3111,3,43440,1086,26946
F521#F0,2100,938,3042,3,43520,1088,26946
F520#F0,2144,999,3151,3,43560,1089,26946
F519#F0,2366,940,3312,1,43600,1090,26946
F518#F0,2180,954,3140,2,43680,1092,26946
F517#F0,2051,1026,3080,1,43800,1095,26946
F516#F0,2427,951,3383,6,43920,1098,26946
F515#F0,2322,1017,3346,2,43960,1099,26946
F514#F0,2357,1782,4143,0,44000,1100,26946
F513#F0,2277,959,3240,1,44040,1101,26946
F512#F0,1920,945,2871,3,44080,1102,26946
F510#F0,1897,961,2870,0,44120,1103,26946
F508#F0,2313,988,3305,6,44160,1104,26946
F506#F0,1990,933,2928,1,44280,1107,26946
F505#F0,2282,947,3233,2,44320,1108,26946
F503#F0,2035,968,3008,3,44360,1109,26946
F502#F0,2257,965,3226,0,44480,1112,26946
F501#F0,2351,963,3318,3,44560,1114,26946
F500#F0,2592,956,3552,2,44720,1118,26946
F499#F0,2067,969,3039,1,44760,1119,26946
F498#F0,2018,974,2997,0,45040,1126,26946
F496#F0,2192,967,3164,1,45080,1127,26946
F495#F0,2129,989,3123,2,45120,1128,26946
F494#F0,2243,990,3237,1,45160,1129,26946
F491#F0,2483,1079,3568,4,45200,1130,26946
F490#F0,2551,992,3548,7,45240,1131,26946
F489#F0,2786,936,3726,3,45280,1132,26946
F488#F0,2183,978,3165,2,45360,1134,26946
F487#F0,2385,997,3387,3,45520,1138,26946
F486#F0,2419,967,3391,4,45560,1139,26946
F485#F0,2050,995,3049,2,45640,1141,26946
F483#F0,2276,1015,3295,4,45680,1142,26946
F481#F0,2405,990,3404,2,45720,1143,26946
F480#F0,2475,990,3469,0,45760,1144,26946
F479#F0,2489,990,3483,5,45800,1145,26946
F478#F0,2354,990,3348,6,45840,1146,26946
F477#F0,2680,1008,3692,2,45960,1149,26946
F476#F0,2423,1046,3474,1,46000,1150,26946
F473#F0,2672,989,3666,3,46040,1151,26946
F472#F0,2515,988,3508,4,46200,1155,26946
F471#F0,2443,988,3435,6,46280,1157,26946
F469#F0,2379,968,3352,5,46320,1158,26946
F466#F0,2414,1005,3424,4,46360,1159,26946
F465#F0,2452,968,3424,3,46400,1160,26946
F464#F0,2285,999,3289,3,46520,1163,26946
F463#F0,2410,989,3403,0,46560,1164,26946
F462#F0,2424,1031,3461,2,46640,1166,26946
F460#F0,2357,1020,3382,5,46760,1169,26946
F458#F0,2126,1124,3254,1,46800,1170,26946
F457#F0,2441,1030,3475,2,46880,1172,26946
F456#F0,2221,1016,3242,3,46920,1173,26946
F455#F0,2443,988,3436,1,46960,1174,26946
F454#F0,2553,1026,3584,1,47040,1176,26946
F453#F0,2550,1013,3568,3,47080,1177,26946
F452#F0,2471,1013,3489,5,47320,1183,26946
F451#F0,2201,1031,3236,6,47520,1188,26946
F448#F0,2325,1144,3474,6,47560,1189,26946
F447#F0,2690,1032,3728,5,47640,1191,26946
F446#F0,2748,1037,3789,3,47680,1192,26946
F444#F0,2799,1061,3865,1,47760,1194,26946
F443#F0,2556,1018,3579,2,47800,1195,26946
F442#F0,2275,1026,3309,2,47880,1197,26946
F441#F0,2150,1037,3191,2,47960,1199,26946
F440#F0,2219,1023,3247,2,48000,1200,26946
F438#F0,2390,1059,3453,2,48080,1202,26946
F437#F0,2631,1032,3667,3,48120,1203,26946
F436#F0,2212,1040,3258,1,48200,1205,26946
F435#F0,2554,1100,3659,5,48320,1208,26946
F434#F0,2623,1042,3669,4,48360,1209,26946
F432#F0,2342,1028,3374,7,48600,1215,26946
F428#F0,2676,1064,3744,3,48640,1216,26946
F426#F0,2646,1050,3701,5,48680,1217,26946
F425#F0,2646,1072,3723,8,48720,1218,26946
F424#F0,2590,1043,3638,4,48800,1220,26946
F423#F0,2659,1046,3710,4,48840,1221,26946
F422#F0,2225,1051,3281,4,48880,1222,26946
F421#F0,2575,1055,3635,0,48920,1223,26946
F420#F0,2313,1072,3390,6,49200,1230,26946
F418#F0,2594,1056,3655,3,49280,1232,26946
F417#F0,2257,1108,3369,2,49360,1234,26946
F416#F0,2592,1070,3667,5,49520,1238,26946
F415#F0,2624,1097,3726,4,49640,1241,26946
F414#F0,2647,1243,3894,1,49720,1243,26946
F413#F0,2707,1051,3761,3,49880,1247,26946
F411#F0,2357,1111,3472,4,49920,1248,26946
F410#F0,2577,1095,3677,1,49960,1249,26946
F409#F0,2756,1097,3857,3,50000,1250,26946
F408#F0,2439,1065,3508,2,50040,1251,26946
F407#F0,2370,1068,3442,5,50120,1253,26946
F406#F0,2577,1087,3668,4,50160,1254,26946
F405#F0,2806,1064,3873,0,50200,1255,26946
F403#F0,2732,1073,3811,4,50240,1256,26946
F400#F0,2407,1082,3493,4,50280,1257,26946
F399#F0,2662,1079,3745,2,50400,1260,26946
F398#F0,2870,1095,3970,2,50640,1266,26946
F396#F0,2384,1125,3512,3,50760,1269,26946
F395#F0,2329,1190,3523,6,50840,1271,26946
F392#F0,2729,1119,3853,2,50880,1272,26946
F391#F0,2841,1107,3952,2,50920,1273,26946
F390#F0,2616,1103,3723,3,51080,1277,26946
F389#F0,2366,1090,3461,3,51120,1278,26946
F388#F0,2401,1093,3498,1,51360,1284,26946
F387#F0,2392,1110,3506,2,51480,1287,26946
F386#F0,2661,1093,3758,4,51560,1289,26946
F385#F0,2696,1102,3801,4,51640,1291,26946
F384#F0,2662,1117,3785,5,51680,1292,26946
F383#F0,2727,1125,3857,4,51720,1293,26946
F382#F0,2538,1093,3636,4,51760,1294,26946
F381#F0,2386,1118,3508,4,51800,1295,26946
F377#F0,2488,1113,3607,4,51880,1297,26946
F376#F0,2467,1140,3610,5,51920,1298,26946
F375#F0,2534,1121,3660,3,52000,1300,26946
F374#F0,2458,1182,3644,4,52160,1304,26946
F373#F0,2571,1130,3706,6,52400,1310,26946
F372#F0,2486,1113,3604,1,52520,1313,26946
F371#F0,2448,1143,3595,3,52560,1314,26946
F370#F0,2580,1150,3735,2,52600,1315,26946
F369#F0,2493,1111,3609,2,52680,1317,26946
F368#F0,2596,1137,3738,2,52760,1319,26946
F366#F0,2494,1186,3685,5,52800,1320,26946
F364#F0,2451,1136,3591,4,52880,1322,26946
F363#F0,2479,1139,3623,1,52920,1323,26946
F362#F0,2533,1144,3682,0,52960,1324,26946
F361#F0,2286,1147,3438,2,53000,1325,26946
F360#F0,2410,1144,3558,3,53160,1329,26946
F359#F0,2470,1133,3607,1,53200,1330,26946
F358#F0,2562,1250,3817,7,53240,1331,26946
F357#F0,2484,1158,3646,6,53360,1334,26946
F356#F0,2499,1157,3660,1,53480,1337,26946
F355#F0,2613,1150,3769,6,53560,1339,26946
F354#F0,2549,1148,3701,5,53680,1342,26946
F353#F0,2502,1145,3652,4,53720,1343,26946
F352#F0,2658,1176,3839,6,53920,1348,26946
F351#F0,2494,1141,3640,3,54160,1354,26946
F350#F0,2630,1174,3809,5,54200,1355,26946
F349#F0,2246,1145,3396,2,54240,1356,26946
F348#F0,2616,1188,3809,5,54320,1358,26946
F347#F0,2565,1176,3745,3,54400,1360,26946
F346#F0,2486,1225,3714,1,54440,1361,26946
F345#F0,2518,1165,3688,1,54520,1363,26946
F344#F0,2595,1198,3797,1,54600,1365,26946
F343#F0,2597,1166,3767,1,54680,1367,26946
F342#F0,2592,1165,3761,4,54720,1368,26946
F341#F0,2666,1226,3898,2,54960,1374,26946
F340#F0,2615,1193,3814,2,55080,1377,26946
F339#F0,2974,1182,4159,0,55160,1379,26946
F338#F0,2680,1173,3858,5,55280,1382,26946
F337#F0,2640,1189,3833,3,55320,1383,26946
F335#F0,2644,1159,3808,3,55400,1385,26946
F334#F0,2358,1180,3543,3,55440,1386,26946
F333#F0,2344,1197,3545,9,55480,1387,26946
F332#F0,17912,3720,22316,5,55520,1388,26946
F331#F0,33002,1932,35044,6,55680,1392,26946
F330#F0,29606,3417,33782,4,55720,1393,26946
F327#F0,2939,1257,4239,2,56200,1405,26946
F326#F0,2375,1153,3533,4,56360,1409,26946
F325#F0,2322,1158,3484,0,56480,1412,26946
F324#F0,2383,1176,3564,3,56640,1416,26946
F323#F0,2335,1184,3524,3,56800,1420,26946
F322#F0,2329,1206,3541,6,57080,1427,26946
F321#F0,2371,1208,3583,2,57320,1433,26946
F320#F0,2403,1221,3628,1,57360,1434,26946
F319#F0,2447,1210,3663,1,57520,1438,26946
F318#F0,2400,1208,3613,3,57680,1442,26946
F317#F0,2401,1225,3631,1,57960,1449,26946
F316#F0,2585,1241,3831,2,58360,1459,26946
F315#F0,2415,1223,3643,3,58400,1460,26946
F314#F0,2420,1252,3678,2,58440,1461,26946
F313#F0,2683,1250,3938,5,58520,1463,26946
F312#F0,2451,1242,3698,3,58560,1464,26946
F311#F0,2558,1222,3784,3,58680,1467,26946
F310#F0,2511,1213,3729,2,58760,1469,26946
F308#F0,2461,1224,3691,1,58920,1473,26946
F306#F0,2436,1205,3645,4,59000,1475,26946
F305#F0,2543,1219,3766,2,59240,1481,26946
F304#F0,2578,1248,3831,3,59720,1493,26946
F303#F0,2540,1260,3804,2,59840,1496,26946
F302#F0,2575,1227,3806,2,60000,1500,26946
F301#F0,2608,1234,3850,6,60280,1507,26946
F298#F0,2637,1256,3897,3,60360,1509,26946
F297#F0,2511,1326,3840,6,60480,1512,26946
F296#F0,2553,1271,3828,1,60680,1517,26946
F295#F0,2629,1326,3959,1,60720,1518,26946
F293#F0,2606,1320,3929,2,60760,1519,26946
F292#F0,2712,1279,3995,2,60880,1522,26946
F291#F0,2655,1275,3935,4,61040,1526,26946
F290#F0,2725,1278,4008,0,61440,1536,26946
F289#F0,2718,1279,4002,6,61480,1537,26946
F288#F0,2614,1275,3894,4,61520,1538,26946
F287#F0,2599,1283,3887,3,61560,1539,26946
F285#F0,2593,1306,3903,3,61800,1545,26946
F284#F0,2575,1280,3860,4,62360,1559,26946
F283#F0,2646,1285,3936,3,62480,1562,26946
F282#F0,2517,1280,3810,8,62520,1563,26946
F281#F0,2467,1297,3770,8,62600,1565,26946
F280#F0,2603,1310,3919,3,62640,1566,26946
F279#F0,2564,1330,3899,1,62680,1567,26946
F278#F0,2756,1381,4145,3,62720,1568,26946
F277#F0,2636,1332,3972,2,62800,1570,26946
F276#F0,2569,1310,3884,4,62920,1573,26946
F275#F0,2622,1326,3953,3,63000,1575,26946
F274#F0,2517,1257,3779,2,63080,1577,26946
F273#F0,2525,1264,3793,2,63160,1579,26946
F272#F0,2581,1287,3872,2,63200,1580,26946
F263#F0,2601,1311,3917,3,63440,1586,26946
F262#F0,2580,1272,3857,5,63880,1597,26946
F261#F0,2582,1337,3924,4,64080,1602,26946
F260#F0,2560,1290,3855,3,64200,1605,26946
F259#F0,2657,1334,3996,1,64320,1608,26946
F258#F0,2720,1493,4219,2,64560,1614,26946
F257#F0,2688,1388,4081,5,64760,1619,26946
F256#F0,2660,1459,4124,3,64880,1622,26946
F255#F0,2635,1353,3992,4,65000,1625,26946
F254#F0,2650,1312,3969,4,65400,1635,26946
F253#F0,2718,1340,4062,1,65520,1638,26946
F252#F0,2621,1397,4022,2,65560,1639,26946
F251#F0,2668,1337,4009,2,65600,1640,26946
F250#F0,2610,1323,3937,6,65760,1644,26946
F249#F0,2829,1356,4191,1,66080,1652,26946
F248#F0,3077,1534,4617,2,66160,1654,26946
F247#F0,2670,1322,3998,3,66200,1655,26946
F246#F0,2643,1335,3984,8,66280,1657,26946
F245#F0,2679,1308,3993,4,66400,1660,26946
F244#F0,2621,1475,4099,1,66520,1663,26946
F243#F0,8047,3622,11676,4,66760,1669,26946
F242#F0,5581,4685,10272,5,67200,1680,26946
F241#F0,4946,4167,9120,2,67280,1682,26946
F240#F0,3977,2762,6745,3,67400,1685,26946
F239#F0,5315,3489,8813,4,67520,1688,26946
F236#F0,4472,4761,9250,5,67600,1690,26946
F235#F0,4797,2089,6894,7,67720,1693,26946
F234#F0,4550,1983,6542,2,68160,1704,26946
F233#F0,4306,2172,6488,2,68360,1709,26946
F231#F0,4827,2142,6980,3,68600,1715,26946
F230#F0,4416,2302,6728,1,68800,1720,26946
F228#F0,4251,2360,6622,1,68840,1721,26946
F226#F0,5180,2285,7476,7,69080,1727,26946
F225#F0,7384,2251,9646,3,69200,1730,26946
F224#F0,4674,2590,7273,1,69400,1735,26946
F223#F0,4864,2826,7699,4,69440,1736,26946
F222#F0,4357,2362,6729,7,69800,1745,26946
F221#F0,4730,2365,7104,6,69920,1748,26946
F220#F0,4524,2477,7012,4,70040,1751,26946
F219#F0,4635,2878,7524,4,70080,1752,26946
F218#F0,4623,2559,7195,6,70280,1757,26946
F217#F0,4383,2391,6783,2,70440,1761,26946
F216#F0,4700,2726,7435,3,70480,1762,26946
F215#F0,4578,2576,7163,4,71240,1781,26946
F214#F0,4521,2597,7129,6,71520,1788,26946
F213#F0,4977,2702,7689,4,71880,1797,26946
F212#F0,4698,2482,7190,5,72080,1802,26946
F211#F0,4917,2738,7664,6,72440,1811,26946
F210#F0,4564,2435,7010,2,72600,1815,26946
F209#F0,4660,2773,7443,4,72680,1817,26946
F208#F0,4613,2645,7266,5,72800,1820,26946
F207#F0,4728,2619,7356,4,72840,1821,26946
F206#F0,4872,2466,7348,4,73320,1833,26946
F205#F0,4965,2597,7573,6,73560,1839,26946
F204#F0,4768,2542,7320,1,73640,1841,26946
F203#F0,4725,2691,7425,5,73760,1844,26946
F202#F0,4844,2544,7397,3,73840,1846,26946
F201#F0,4638,2560,7207,4,73880,1847,26946
F200#F0,4392,1814,6216,3,74560,1864,26946
F199#F0,4332,3119,7456,3,74760,1869,26946
F198#F0,5886,1996,7889,3,75240,1881,26946
F196#F0,8543,2833,11381,4,75320,1883,26946
F194#F0,8391,1851,10248,4,75760,1894,26946
F193#F0,4478,2047,6531,3,76080,1902,26946
F192#F0,5374,1967,7346,6,76520,1913,26946
F191#F0,5057,2292,7355,3,77080,1927,26946
F190#F0,3727,2347,6081,8,77400,1935,26946
F189#F0,6824,2200,9031,3,77440,1936,26946
F188#F0,15973,1809,17791,4,77600,1940,26946
F187#F0,25728,1690,27423,6,77840,1946,26946
F186#F0,24193,1707,25910,3,77920,1948,26946
F185#F0,19086,8359,27454,6,79280,1982,26946
F184#F0,19652,7666,27323,3,79320,1983,26946
F183#F0,18380,4063,22452,9,79520,1988,26946
F182#F0,12983,3462,16452,4,79600,1990,26946
F181#F0,11553,3582,15141,9,79640,1991,26946
F180#F0,6522,1615,8143,5,80160,2004,26946
F179#F0,3532,1641,5179,3,80600,2015,26946
F178#F0,3780,1678,5463,5,80680,2017,26946
F177#F0,3757,1879,5642,6,81040,2026,26946
F176#F0,3940,1730,5675,6,81320,2033,26946
F175#F0,4603,1865,6475,6,81520,2038,26946
F174#F0,3813,2025,5844,4,81600,2040,26946
F172#F0,5065,1797,6868,3,81960,2049,26946
F171#F0,4095,1798,5898,5,82080,2052,26946
F169#F0,4889,1874,6768,4,82400,2060,26946
F168#F0,4694,1695,6394,3,82840,2071,26946
F167#F0,4589,1740,6335,5,82880,2072,26946
F165#F0,4545,1975,6525,6,83000,2075,26946
F164#F0,4400,1757,6162,8,83240,2081,26946
F163#F0,4794,1728,6527,9,84200,2105,26946
F162#F0,4790,2081,6877,6,85240,2131,26946
F161#F0,4638,2012,6655,2,85360,2134,26946
F160#F0,5370,1765,7140,1,87000,2175,26946
F159#F0,4995,1827,6829,4,87720,2193,26946
F158#F0,4983,2029,7018,7,87800,2195,26946
F157#F0,5123,1808,6938,3,87920,2198,26946
F156#F0,4315,1861,6180,3,88160,2204,26946
F155#F0,5221,1838,7066,8,88760,2219,26946
F154#F0,5035,1937,6978,7,89200,2230,26946
F153#F0,5018,1801,6823,5,89320,2233,26946
F152#F0,5106,2296,7408,8,90200,2255,26946
F151#F0,4460,2276,6740,4,90520,2263,26946
F150#F0,5287,1955,7247,4,91200,2280,26946
F149#F0,5373,1912,7289,6,91280,2282,26946
F148#F0,4099,2218,6323,4,91480,2287,26946
F147#F0,4151,2011,6165,8,91880,2297,26946
F146#F0,5057,1872,6935,8,92080,2302,26946
F145#F0,5229,1927,7163,5,92200,2305,26946
F144#F0,5291,1910,7205,4,93880,2347,26946
F143#F0,4601,2275,6882,7,94040,2351,26946
F142#F0,5533,2333,7872,2,95200,2380,26946
F141#F0,5527,2002,7536,4,95240,2381,26946
F140#F0,5356,1959,7322,2,95280,2382,26946
F139#F0,5289,1945,7240,6,95440,2386,26946
F137#F0,5289,1908,7203,4,95480,2387,26946
F136#F0,5096,2282,7385,6,95720,2393,26946
F135#F0,6001,1931,7938,7,95960,2399,26946
F134#F0,7232,2758,9997,2,96520,2413,26946
F133#F0,6185,1950,8142,4,96560,2414,26946
F132#F0,5007,2274,7289,2,96640,2416,26946
F131#F0,5713,1982,7701,5,96720,2418,26946
F130#F0,5323,2064,7393,10,96760,2419,26946
F129#F0,5106,2013,7126,5,96920,2423,26946
F128#F0,5094,2076,7177,3,98040,2451,26946
F127#F0,4970,2297,7273,11,99160,2479,26946
F126#F0,5291,2049,7346,1,99440,2486,26946
F125#F0,5952,2009,7967,5,99920,2498,26946
F124#F0,4606,2077,6688,11,100280,2507,26946
F123#F0,5468,2032,7506,4,100360,2509,26946
F122#F0,4459,2147,6611,1,101040,2526,26946
F121#F0,4317,2118,6442,6,101120,2528,26946
F120#F0,4723,2135,6864,9,102240,2556,26946
F119#F0,4928,2497,7432,9,102640,2566,26946
F118#F0,4678,2144,6828,3,102720,2568,26946
F117#F0,4798,2150,6955,4,106320,2658,26946
F116#F0,5241,2133,7380,7,106560,2664,26946
F115#F0,5293,2176,7477,6,106800,2670,26946
F114#F0,5500,2138,7644,5,106920,2673,26946
F113#F0,5282,2185,7473,7,107320,2683,26946
F112#F0,4674,2374,7054,2,107440,2686,26946
F111#F0,5315,2129,7450,5,107480,2687,26946
F110#F0,4616,2417,7040,7,107520,2688,26946
F109#F0,4816,2248,7071,5,108640,2716,26946
F108#F0,4861,2493,7361,6,108920,2723,26946
F107#F0,4667,2251,6924,5,109280,2732,26946
F106#F0,4524,2236,6766,5,109600,2740,26946
F105#F0,4725,2247,6980,5,110560,2764,26946
F104#F0,4536,2324,6866,4,110680,2767,26946
F103#F0,4732,2326,7063,4,110920,2773,26946
F102#F0,4665,2401,7094,2,112880,2822,26946
F101#F0,4658,2304,6995,4,113480,2837,26946
F100#F0,4974,2298,7299,4,113840,2846,26946
F99#F0,4765,2445,7238,6,113960,2849,26946
F98#F0,4725,2391,7146,5,114000,2850,26946
F97#F0,4806,2349,7181,7,114920,2873,26946
F96#F0,4823,2324,7176,4,115800,2895,26946
F95#F0,5196,2370,7593,3,116600,2915,26946
F94#F0,5191,2378,7594,4,116800,2920,26946
F93#F0,4895,2400,7323,7,117160,2929,26946
F92#F0,5116,2436,7578,6,117440,2936,26946
F91#F0,4991,2450,7466,7,117480,2937,26946
F90#F0,5011,2444,7475,6,118160,2954,26946
F89#F0,4896,2468,7386,10,119120,2978,26946
F88#F0,5197,2509,7733,7,120600,3015,26946
F87#F0,5340,2412,7778,7,121280,3032,26946
F86#F0,5548,2558,8134,9,125240,3131,26946
F85#F0,5624,2594,8245,7,125920,3148,26946
F84#F0,5228,2873,8125,8,127480,3187,26946
F83#F0,5556,2619,8213,4,127840,3196,26946
F81#F0,5735,2616,8375,3,129320,3233,26946
F80#F0,5756,2642,8427,5,130120,3253,26946
F79#F0,5573,2685,8288,11,130640,3266,26946
F78#F0,5699,2677,8405,7,130880,3272,26946
F77#F0,5661,2674,8360,8,131200,3280,26946
F76#F0,5748,2627,8401,4,131320,3283,26946
F75#F0,5548,2714,8268,5,131360,3284,26946
F74#F0,5684,2804,8494,6,133720,3343,26946
F73#F0,5884,3096,9005,6,134440,3361,26946
F72#F0,5784,2746,8559,9,134880,3372,26946
F71#F0,5548,2879,8458,7,135200,3380,26946
F70#F0,5816,2783,8627,5,135640,3391,26946
F69#F0,5576,2817,8420,10,136480,3412,26946
F68#F0,5946,2756,8729,12,136560,3414,26946
F67#F0,5928,2948,8880,3,143040,3576,26946
F66#F0,6205,2939,9169,9,143640,3591,26946
F65#F0,6369,3008,9407,8,147720,3693,26946
F64#F0,6799,3285,10116,3,148520,3713,26946
F63#F0,6476,3246,9748,14,149120,3728,26946
F62#F0,6878,3475,10382,9,149440,3736,26946
F61#F0,6622,3639,10288,15,150680,3767,26946
F60#F0,7139,3599,10740,10,151520,3788,26946
F59#F0,6578,3181,9762,6,152120,3803,26946
F58#F0,6274,3092,9370,8,152240,3806,26946
F57#F0,6614,3137,9755,7,152880,3822,26946
F56#F0,6712,3269,9984,9,153320,3833,26946
F55#F0,7302,3400,10706,6,167240,4181,26946
F54#F0,7193,3560,10757,17,167560,4189,26946
F53#F0,7524,3565,11092,13,169240,4231,26946
F52#F0,7950,3570,11523,9,173720,4343,26946
F51#F0,8026,3697,11728,7,176040,4401,26946
F50#F0,7850,3645,11499,8,176680,4417,26946
F49#F0,7456,3653,11113,13,177640,4441,26946
F48#F0,8835,3923,12762,7,184240,4606,26946
F47#F0,9054,4006,13063,14,189680,4742,26946
F46#F0,8973,4047,13022,9,189800,4745,26946
F45#F0,9346,4266,13615,8,198440,4961,26946
F44#F0,8879,4222,13104,14,199560,4989,26946
F43#F0,9341,4259,13603,15,199720,4993,26946
F42#F0,8361,4265,12630,10,200120,5003,26946
F41#F0,9524,4256,13783,14,201360,5034,26946
F40#F0,8524,4390,12918,9,204920,5123,26946
F39#F0,10522,4922,15449,12,209680,5242,26946
F38#F0,10133,4515,14652,13,213960,5349,26946
F37#F0,9678,4775,14457,10,224960,5624,26946
F36#F0,10109,4836,14950,15,225160,5629,26946
F35#F0,11725,5142,16872,12,244320,6108,26946
F34#F0,11857,5460,17321,12,255640,6391,26946
F33#F0,12617,5974,18596,11,278880,6972,26946
F32#F0,12846,5992,18842,12,285320,7133,26946
F31#F0,12459,6262,18725,16,299120,7478,26946
F30#F0,13944,6523,20472,23,309840,7746,26946
F29#F0,15048,6911,21964,21,318520,7963,26946
F28#F0,39055,7352,46412,15,320440,8011,26946
F27#F0,17642,6602,24249,19,324560,8114,26946
F26#F0,14434,6745,21186,13,327320,8183,26946
F25#F0,13596,6758,20358,17,328160,8204,26946
F24#F0,13776,6840,20620,18,341920,8548,26946
F23#F0,13913,6854,20771,24,343200,8580,26946
F22#F0,14039,6961,21046,13,347800,8695,26946
F21#F0,14153,7122,21280,27,353120,8828,26946
F20#F0,33472,7149,40626,23,357080,8927,26946
F19#F0,20820,11681,32508,17,358040,8951,26946
F18#F0,19598,10811,30416,25,389040,9726,26946
F17#F0,24950,11603,36559,24,407080,10177,26946
F16#F0,27189,13467,40712,27,446560,11164,26946
F15#F0,29397,13922,43328,42,500000,12500,26946
F14#F0,31983,14903,46895,29,523520,13088,26946
F13#F0,33817,15798,49625,20,569920,14248,26946
F12#F0,29145,16209,45363,37,571240,14281,26946
F11#F0,28873,12714,41609,35,589480,14737,26946
F10#F0,35427,12769,48219,25,600320,15008,26946
F9#F0,27679,13191,40901,46,630200,15755,26946
F8#F0,28282,13887,42196,40,671000,16775,26946
F7#F0,31372,15088,46486,38,695400,17385,26946
F6#F0,31314,15934,47288,47,721120,18028,26946
F5#F0,28420,15397,43845,36,748880,18722,26946
F4#F0,29716,15838,45580,43,770280,19257,26946
F3#F0,44382,21144,65566,49,875120,21878,26946
F2#F0,49754,20814,70602,58,903280,22582,26946
F1#F0,59640,25587,85267,48,1009120,25228,26946
F0#F0,63724,24061,87824,26946,1077840,26946,26946
