keyword,clientTime,serverTime,totalTime,resultLength,payloadSize,w1,w2
F19998#F16238,214,121,340,0,480,10,37
F19998#F16235,148,66,216,0,480,10,38
F19998#F16214,132,73,206,0,480,10,39
F19998#F16208,96,66,163,0,480,10,40
F19998#F16184,85,110,196,0,480,10,41
F19998#F16130,157,112,271,0,480,10,42
F19998#F16090,62,40,104,0,480,10,43
F19998#F16023,94,41,136,0,480,10,44
F19998#F15924,60,45,107,0,480,10,45
F19998#F15885,55,37,93,0,480,10,46
F19998#F15849,58,45,104,0,480,10,47
F19998#F15747,64,41,107,0,480,10,48
F19998#F15700,56,45,103,0,480,10,49
F19998#F15569,100,42,144,0,480,10,50
F19998#F15547,57,54,112,0,480,10,51
F19998#F15477,54,46,102,0,480,10,52
F19998#F15415,59,45,105,0,480,10,53
F19998#F15343,50,43,94,0,480,10,54
F19998#F15199,52,38,91,0,480,10,55
F19998#F15114,56,37,95,0,480,10,56
F19998#F15029,59,90,149,0,480,10,57
F19998#F15003,52,40,93,0,480,10,58
F19998#F14877,59,88,148,0,480,10,59
F19998#F14805,51,44,96,0,480,10,60
F19998#F14736,49,34,85,0,480,10,61
F19998#F14645,93,92,186,0,480,10,62
F19998#F14621,51,35,87,0,480,10,63
F19998#F14498,57,89,147,0,480,10,64
F19998#F14396,47,90,139,0,480,10,65
F19998#F14377,59,33,93,0,480,10,66
F19998#F14270,54,39,94,0,480,10,67
F19998#F14173,58,92,151,0,480,10,68
F19998#F14061,54,36,91,0,480,10,69
F19998#F13990,60,89,150,0,480,10,70
F19998#F13973,53,40,94,0,480,10,71
F19998#F13834,51,40,92,0,480,10,72
F19998#F13757,57,43,101,0,480,10,73
F19998#F13740,53,37,91,0,480,10,74
F19998#F13640,49,36,87,0,480,10,75
F19998#F13574,52,36,89,0,480,10,76
F19998#F13494,51,85,138,0,480,10,77
F19998#F13434,56,39,96,0,480,10,78
F19998#F13361,53,38,92,0,480,10,79
F19998#F13313,59,36,96,0,480,10,80
F19998#F13182,53,37,90,0,480,10,81
F19998#F13093,50,84,135,0,480,10,82
F19998#F13082,49,40,91,0,480,10,83
F19998#F13005,43,81,125,0,480,10,84
F19998#F12930,59,40,100,0,480,10,85
F19998#F12893,54,93,148,0,480,10,86
F19998#F12810,54,64,119,0,480,10,87
F19998#F12745,65,92,159,0,480,10,88
F19998#F12626,52,87,140,0,480,10,89
F19998#F12547,55,42,98,0,480,10,90
F19998#F12523,60,43,104,0,480,10,91
F19998#F12401,55,39,96,0,480,10,92
F19998#F12337,53,39,94,0,480,10,93
F19998#F12284,49,88,139,0,480,10,94
F19998#F12231,70,40,112,0,480,10,95
F19998#F12103,56,42,99,0,480,10,96
F19998#F12020,53,41,95,0,480,10,97
F19998#F11994,93,42,137,0,480,10,98
F19998#F11907,49,38,88,0,480,10,99
F19998#F11843,50,35,87,0,480,10,100
F19998#F11784,70,65,136,0,480,10,101
F19998#F11768,69,99,169,0,480,10,102
F19998#F11701,56,73,130,0,480,10,103
F19998#F11646,61,40,102,0,480,10,104
F19998#F11583,58,41,100,0,480,10,105
F19998#F11512,103,43,147,0,480,10,106
F19998#F11426,60,43,105,0,480,10,107
F19998#F11379,102,41,144,0,480,10,108
F19998#F11334,62,42,105,0,480,10,109
F19998#F11220,67,36,104,0,480,10,110
F19998#F11134,51,83,135,0,480,10,111
F19998#F11048,54,45,101,0,480,10,112
F19998#F11011,68,40,109,0,480,10,113
F19998#F10940,51,82,134,0,480,10,114
F19998#F10916,52,39,93,0,480,10,115
F19998#F10815,52,41,95,0,480,10,116
F19998#F10780,55,37,93,0,480,10,117
F19998#F10738,59,41,101,0,480,10,118
F19998#F10630,92,35,128,0,480,10,119
F19998#F10622,58,42,101,0,480,10,120
F19998#F10552,64,45,111,0,480,10,121
F19998#F10454,53,38,92,0,480,10,122
F19998#F10413,59,38,98,0,480,10,123
F19998#F10362,93,43,137,0,480,10,124
F19998#F10306,52,40,94,0,480,10,125
F19998#F10226,52,101,154,0,480,10,126
F19998#F10177,53,43,97,0,480,10,127
F19998#F10108,51,35,87,0,480,10,128
F19998#F10044,54,41,97,0,480,10,129
F19998#F10035,54,85,140,0,480,10,130
F19998#F9978,57,45,103,0,480,10,131
F19998#F9916,57,41,99,0,480,10,132
F19998#F9872,52,34,89,0,480,10,133
F19998#F9779,51,33,86,0,480,10,134
F19998#F9774,54,79,134,0,480,10,135
F19998#F9692,51,98,150,0,480,10,136
F19998#F9644,59,41,101,0,480,10,137
F19998#F9570,53,36,90,0,480,10,138
F19998#F9522,60,37,98,0,480,10,139
F19998#F9501,53,41,96,0,480,10,140
F19998#F9411,62,41,104,0,480,10,141
F19998#F9379,51,40,92,0,480,10,142
F19998#F9330,51,40,92,0,480,10,143
F19998#F9283,99,43,143,0,480,10,144
F19998#F9252,58,45,106,0,480,10,145
F19998#F9204,54,40,95,0,480,10,146
F19998#F9126,59,91,151,0,480,10,147
F19998#F9093,56,58,116,0,480,10,148
F19998#F9029,63,46,110,0,480,10,149
F19998#F8952,55,41,97,0,480,10,150
F19998#F8913,76,42,119,0,480,10,151
F19998#F8877,68,92,161,0,480,10,152
F19998#F8831,51,39,91,0,480,10,153
F19998#F8798,52,43,96,0,480,10,154
F19998#F8754,58,43,102,0,480,10,155
F19998#F8716,58,49,109,0,480,10,156
F19998#F8648,57,37,96,0,480,10,157
F19998#F8637,58,42,101,0,480,10,158
F19998#F8593,53,38,92,0,480,10,159
F19998#F8536,58,37,96,0,480,10,160
F19998#F8501,55,84,140,0,480,10,161
F19998#F8435,59,89,149,0,480,10,162
F19998#F8407,52,45,98,0,480,10,163
F19998#F8312,111,47,160,0,480,10,164
F19998#F8251,65,41,107,0,480,10,165
F19998#F8226,72,56,129,0,480,10,166
F19998#F8185,69,74,145,0,480,10,167
F19998#F8157,73,38,112,0,480,10,168
F19998#F8081,69,45,115,0,480,10,169
F19998#F8066,104,38,143,0,480,10,170
F19998#F8026,102,44,147,0,480,10,171
F19998#F7966,57,44,102,0,480,10,172
F19998#F7911,60,40,101,0,480,10,173
F19998#F7888,70,83,154,0,480,10,174
F19998#F7847,55,37,94,0,480,10,175
F19998#F7811,82,44,126,0,480,10,176
F19998#F7747,63,91,156,0,480,10,177
F19998#F7737,59,41,101,0,480,10,178
F19998#F7681,61,96,158,0,480,10,179
F19998#F7667,74,44,119,0,480,10,180
F19998#F7595,59,37,97,0,480,10,181
F19998#F7556,61,37,98,0,480,10,182
F19998#F7515,95,88,184,0,480,10,183
F19998#F7474,56,41,98,0,480,10,184
F19998#F7446,65,42,109,0,480,10,185
F19998#F7393,54,37,92,0,480,10,186
F19998#F7352,52,38,92,0,480,10,187
F19998#F7344,56,87,144,0,480,10,188
F19998#F7302,66,39,107,0,480,10,189
F19998#F7261,59,41,101,0,480,10,190
F19998#F7230,63,45,109,0,480,10,191
F19998#F7189,58,47,106,0,480,10,192
F19998#F7172,56,40,97,0,480,10,193
F19998#F7136,59,93,153,0,480,10,194
F19998#F7074,57,84,142,0,480,10,195
F19998#F7021,58,40,100,0,480,10,196
F19998#F7007,56,39,96,0,480,10,197
F19998#F6947,54,38,93,0,480,10,198
F19998#F6930,52,39,92,0,480,10,199
F19998#F6882,64,38,103,0,480,10,200
F19998#F6853,61,88,150,0,480,10,201
F19998#F6826,51,43,95,0,480,10,202
F19998#F6766,55,86,141,0,480,10,203
F19998#F6717,55,45,101,0,480,10,204
F19998#F6701,59,41,101,0,480,10,205
F19998#F6657,50,46,97,0,480,10,206
F19998#F6623,77,38,116,0,480,10,207
F19998#F6588,64,94,159,0,480,10,208
F19998#F6550,59,42,102,0,480,10,209
F19998#F6510,56,42,100,0,480,10,210
F19998#F6480,59,43,104,0,480,10,211
F19998#F6449,59,38,99,0,480,10,212
F19998#F6415,95,45,141,0,480,10,213
F19998#F6398,58,41,100,0,480,10,214
F19998#F6355,69,41,111,0,480,10,215
F19998#F6330,58,41,100,0,480,10,216
F19998#F6276,49,34,84,0,480,10,217
F19998#F6256,54,39,94,0,480,10,218
F19998#F6231,57,40,98,0,480,10,219
F19998#F6210,55,84,140,0,480,10,220
F19998#F6176,59,40,100,0,480,10,221
F19998#F6158,56,35,92,0,480,10,222
F19998#F6106,49,39,90,0,480,10,223
F19998#F6070,54,36,91,0,480,10,224
F19998#F6064,53,38,92,0,480,10,225
F19998#F6019,55,41,97,0,480,10,226
F19998#F5972,60,46,106,0,480,10,227
F19998#F5940,63,50,114,0,480,10,228
F19998#F5923,63,42,105,0,480,10,229
F19998#F5908,63,43,107,0,480,10,230
F19998#F5876,61,43,106,0,480,10,231
F19998#F5857,67,47,115,0,480,10,232
F19998#F5835,57,39,97,0,480,10,233
F19998#F5783,93,65,159,0,480,10,234
F19998#F5774,58,43,102,0,480,10,235
F19998#F5736,58,87,146,0,480,10,236
F19998#F5706,57,38,96,0,480,10,237
F19998#F5679,59,34,95,0,480,10,238
F19998#F5642,101,40,142,0,480,10,239
F19998#F5615,55,42,99,0,480,10,240
F19998#F5600,56,87,144,0,480,10,241
F19998#F5583,53,39,94,0,480,10,242
F19998#F5565,55,42,99,0,480,10,243
F19998#F5538,51,39,91,0,480,10,244
F19998#F5503,52,82,135,0,480,10,245
F19998#F5485,65,54,120,0,480,10,246
F19998#F5473,62,46,109,0,480,10,247
F19998#F5444,63,40,105,0,480,10,248
F19998#F5401,67,52,120,0,480,10,249
F19998#F5391,66,41,108,0,480,10,250
F19998#F5362,69,49,119,0,480,10,251
F19998#F5349,61,47,109,0,480,10,252
F19998#F5321,55,46,103,0,480,10,253
F19998#F5285,61,51,114,0,480,10,254
F19998#F5269,65,43,109,0,480,10,255
F19998#F5254,62,41,103,0,480,10,256
F19998#F5230,60,43,104,0,480,10,257
F19998#F5200,104,89,195,0,480,10,258
F19998#F5183,60,46,107,0,480,10,259
F19998#F5164,61,49,111,0,480,10,260
F19998#F5149,58,47,106,0,480,10,261
F19998#F5112,55,41,97,0,480,10,262
F19998#F5095,60,43,104,0,480,10,263
F19998#F5086,59,42,102,0,480,10,264
F19998#F5050,64,45,110,0,480,10,265
F19998#F5029,102,40,143,0,480,10,266
F19998#F5010,57,42,100,0,480,10,267
F19998#F4998,64,43,109,0,480,10,268
F19998#F4985,60,44,105,0,480,10,269
F19998#F4954,56,89,145,0,480,10,270
F19998#F4920,65,43,109,0,480,10,271
F19998#F4917,60,46,107,0,480,10,272
F19998#F4872,62,43,106,0,480,10,273
F19998#F4867,61,42,104,0,480,10,274
F19998#F4842,65,41,107,0,480,10,275
F19998#F4822,60,87,148,0,480,10,276
F19998#F4798,68,43,112,0,480,10,277
F19998#F4775,64,39,104,0,480,10,278
F19998#F4759,61,49,111,0,480,10,279
F19998#F4739,54,89,143,0,480,10,280
F19998#F4709,72,40,114,0,480,10,281
F19998#F4684,61,38,100,0,480,10,282
F19998#F4670,60,41,102,0,480,10,283
F19998#F4656,62,89,152,0,480,10,284
F19998#F4634,63,41,106,0,480,10,285
F19998#F4628,69,42,112,0,480,10,286
F19998#F4614,60,83,145,0,480,10,287
F19998#F4578,60,83,144,0,480,10,288
F19998#F4561,66,45,113,0,480,10,289
F19998#F4545,70,42,113,0,480,10,290
F19998#F4536,58,41,101,0,480,10,291
F19998#F4524,72,41,114,0,480,10,292
F19998#F4510,59,45,105,0,480,10,293
F19998#F4479,51,45,97,0,480,10,294
F19998#F4450,63,40,104,0,480,10,295
F19998#F4436,69,41,110,0,480,10,296
F19998#F4426,67,40,108,0,480,10,297
F19998#F4397,54,39,95,0,480,10,298
F19998#F4392,93,37,132,0,480,10,299
F19998#F4368,54,85,140,0,480,10,300
F19998#F4345,64,38,103,0,480,10,301
F19998#F4337,52,91,144,0,480,10,302
F19998#F4317,57,88,147,0,480,10,303
F19998#F4310,59,38,98,0,480,10,304
F19998#F4289,62,91,155,0,480,10,305
F19998#F4261,66,48,115,0,480,10,306
F19998#F4243,51,89,140,0,480,10,307
F19998#F4221,53,42,96,0,480,10,308
F19998#F4200,59,46,107,0,480,10,309
F19998#F4175,54,90,145,0,480,10,310
F19998#F4167,56,42,99,0,480,10,311
F19998#F4148,64,90,155,0,480,10,312
F19998#F4125,64,39,104,0,480,10,313
F19998#F4104,61,50,111,0,480,10,314
F19998#F4094,61,43,105,0,480,10,315
F19998#F4075,81,43,126,0,480,10,316
F19998#F4062,66,91,158,0,480,10,317
F19998#F4046,72,46,120,0,480,10,318
F19998#F4023,58,39,98,0,480,10,319
F19998#F4016,97,41,140,0,480,10,320
F19998#F3990,62,90,153,0,480,10,321
F19998#F3978,64,43,108,0,480,10,322
F19998#F3960,99,92,192,0,480,10,323
F19998#F3940,60,44,105,0,480,10,324
F19998#F3925,61,48,110,0,480,10,325
F19998#F3909,53,68,122,0,480,10,326
F19998#F3897,57,38,96,0,480,10,327
F19998#F3878,55,44,100,0,480,10,328
F19998#F3877,58,91,150,0,480,10,329
F19998#F3856,63,44,108,0,480,10,330
F19998#F3840,63,41,105,0,480,10,331
F19998#F3829,56,46,103,0,480,10,332
F19998#F3824,57,37,95,0,480,10,333
F19998#F3799,64,40,106,0,480,10,334
F19998#F3790,62,45,109,0,480,10,335
F19998#F3770,63,46,110,0,480,10,336
F19998#F3748,62,45,107,0,480,10,337
F19998#F3742,60,84,146,0,480,10,338
F19998#F3729,60,49,110,0,480,10,339
F19998#F3702,73,89,163,0,480,10,340
F19998#F3688,70,38,109,0,480,10,341
F19998#F3680,71,97,169,0,480,10,342
F19998#F3654,55,42,98,0,480,10,343
F19998#F3643,63,93,157,0,480,10,344
F19998#F3631,91,50,142,0,480,10,345
F19998#F3620,65,90,156,0,480,10,346
F19998#F3604,95,36,133,0,480,10,347
F19998#F3589,59,43,103,0,480,10,348
F19998#F3582,63,38,102,0,480,10,349
F19998#F3566,62,40,104,0,480,10,350
F19998#F3546,63,43,107,0,480,10,351
F19998#F3533,60,73,134,0,480,10,352
F19998#F3518,50,39,90,0,480,10,353
F19998#F3513,55,35,92,0,480,10,354
F19998#F3499,61,41,103,0,480,10,355
F19998#F3483,58,42,101,0,480,10,356
F19998#F3478,94,43,138,0,480,10,357
F19998#F3460,53,45,100,0,480,10,358
F19998#F3448,56,46,103,0,480,10,359
F19998#F3428,55,42,98,0,480,10,360
F19998#F3411,55,43,99,0,480,10,361
F19998#F3398,58,40,100,0,480,10,362
F19998#F3391,59,88,147,0,480,10,363
F19998#F3374,62,44,107,0,480,10,364
F19998#F3361,56,42,99,0,480,10,365
F19998#F3353,54,39,95,0,480,10,366
F19998#F3334,59,35,96,0,480,10,367
F19998#F3322,57,48,106,0,480,10,368
F19998#F3318,55,84,140,0,480,10,369
F19998#F3297,57,90,149,0,480,10,370
F19998#F3292,55,46,102,0,480,10,371
F19998#F3281,63,51,116,0,480,10,372
F19998#F3271,56,49,107,0,480,10,373
F19998#F3252,59,37,97,0,480,10,374
F19998#F3238,62,40,103,0,480,10,375
F19998#F3231,58,38,98,0,480,10,376
F19998#F3225,57,86,144,0,480,10,377
F19998#F3197,64,86,150,0,480,10,378
F19998#F3189,55,40,96,0,480,10,379
F19998#F3178,50,39,91,0,480,10,380
F19998#F3161,58,40,98,0,480,10,381
F19998#F3155,60,44,105,0,480,10,382
F19998#F3145,58,42,101,0,480,10,383
F19998#F3141,59,42,102,0,480,10,384
F19998#F3122,62,39,102,0,480,10,385
F19998#F3117,61,41,102,0,480,10,386
F19998#F3104,57,44,102,0,480,10,387
F19998#F3102,59,96,156,0,480,10,388
F19998#F3092,59,46,106,0,480,10,389
F19998#F3076,64,48,114,0,480,10,390
F19998#F3071,55,37,93,0,480,10,391
F19998#F3055,61,48,111,0,480,10,392
F19998#F3038,58,45,104,0,480,10,393
F19998#F3032,56,93,150,0,480,10,394
F19998#F3018,61,40,102,0,480,10,395
F19998#F3010,67,52,119,0,480,10,396
F19998#F3001,64,42,107,0,480,10,397
F19998#F2998,55,43,99,0,480,10,398
F19998#F2985,62,47,110,0,480,10,399
F19998#F2980,58,40,101,0,480,10,400
F19998#F2961,52,41,93,0,480,10,401
F19998#F2949,61,41,103,0,480,10,402
F19998#F2945,55,50,106,0,480,10,403
F19998#F2924,50,80,131,0,480,10,404
F19998#F2912,53,40,94,0,480,10,405
F19998#F2901,57,41,99,0,480,10,406
F19998#F2895,56,42,99,0,480,10,407
F19998#F2886,58,87,145,0,480,10,408
F19998#F2871,56,51,108,0,480,10,409
F19998#F2862,59,44,104,0,480,10,410
F19998#F2851,67,77,145,0,480,10,411
F19998#F2837,67,83,151,0,480,10,412
F19998#F2836,91,87,179,0,480,10,413
F19998#F2808,67,39,107,0,480,10,414
F19998#F2794,55,86,142,0,480,10,415
F19998#F2783,58,51,110,0,480,10,416
F19998#F2770,66,51,118,0,480,10,417
F19998#F2763,54,40,95,0,480,10,418
F19998#F2749,57,42,100,0,480,10,419
F19998#F2744,61,48,110,0,480,10,420
F19998#F2736,58,46,105,0,480,10,421
F19998#F2731,55,36,92,0,480,10,422
F19998#F2725,55,38,94,0,480,10,423
F19998#F2719,52,89,142,0,480,10,424
F19998#F2704,56,39,96,0,480,10,425
F19998#F2696,59,36,97,0,480,10,426
F19998#F2681,64,38,103,0,480,10,427
F19998#F2680,60,42,103,0,480,10,428
F19998#F2671,59,91,150,0,480,10,429
F19998#F2652,55,83,139,0,480,10,430
F19998#F2637,56,45,102,0,480,10,431
F19998#F2634,61,44,106,0,480,10,432
F19998#F2621,60,90,152,0,480,10,433
F19998#F2609,64,43,108,0,480,10,434
F19998#F2605,70,40,112,0,480,10,435
F19998#F2594,56,36,93,0,480,10,436
F19998#F2591,56,88,145,0,480,10,437
F19998#F2580,58,37,96,0,480,10,438
F19998#F2576,95,39,135,0,480,10,439
F19998#F2568,56,34,91,0,480,10,440
F19998#F2563,94,43,138,0,480,10,441
F19998#F2554,55,91,147,0,480,10,442
F19998#F2548,63,42,106,0,480,10,443
F19998#F2546,67,43,111,0,480,10,444
F19998#F2526,54,36,91,0,480,10,445
F19998#F2520,96,37,134,0,480,10,446
F19998#F2514,60,40,101,0,480,10,447
F19998#F2504,59,84,144,0,480,10,448
F19998#F2493,53,36,90,0,480,10,449
F19998#F2482,51,41,93,0,480,10,450
F19998#F2463,56,41,98,0,480,10,451
F19998#F2457,59,93,153,0,480,10,452
F19998#F2448,54,39,94,0,480,10,453
F19998#F2445,50,40,91,0,480,10,454
F19998#F2440,51,42,93,0,480,10,455
F19998#F2426,60,51,112,0,480,10,456
F19998#F2416,55,41,97,0,480,10,457
F19998#F2411,68,41,110,0,480,10,458
F19998#F2403,59,40,100,0,480,10,459
F19998#F2399,55,89,145,0,480,10,460
F19998#F2394,69,92,162,0,480,10,461
F19998#F2381,55,37,94,0,480,10,462
F19998#F2373,55,83,139,0,480,10,463
F19998#F2366,62,77,140,0,480,10,464
F19998#F2357,58,38,97,0,480,10,465
F19998#F2345,65,47,112,0,480,10,466
F19998#F2335,54,41,96,0,480,10,467
F19998#F2333,60,39,99,0,480,10,468
F19998#F2326,54,37,92,0,480,10,469
F19998#F2319,54,68,123,0,480,10,470
F19998#F2312,72,34,108,0,480,10,471
F19998#F2305,89,83,173,0,480,10,472
F19998#F2303,61,47,109,0,480,10,473
F19998#F2297,64,46,111,0,480,10,474
F19998#F2294,59,42,102,0,480,10,475
F19998#F2284,56,86,143,0,480,10,476
F19998#F2278,64,43,109,0,480,10,477
F19998#F2271,102,65,168,0,480,10,478
F19998#F2263,77,99,178,0,480,10,479
F19998#F2251,61,46,109,0,480,10,480
F19998#F2244,53,41,95,0,480,10,481
F19998#F2238,53,38,92,0,480,10,482
F19998#F2227,63,41,105,0,480,10,483
F19998#F2221,60,35,97,0,480,10,484
F19998#F2215,54,35,90,0,480,10,485
F19998#F2209,96,86,184,0,480,10,486
F19998#F2202,47,92,140,0,480,10,487
F19998#F2199,56,41,98,0,480,10,488
F19998#F2185,49,39,90,0,480,10,489
F19998#F2180,57,83,140,0,480,10,490
F19998#F2172,52,37,91,0,480,10,491
F19998#F2165,51,36,88,0,480,10,492
F19998#F2158,49,37,87,0,480,10,493
F19998#F2149,54,39,94,0,480,10,494
F19998#F2139,97,37,135,0,480,10,495
F19998#F2135,58,87,146,0,480,10,496
F19998#F2130,55,44,100,0,480,10,497
F19998#F2120,56,40,97,0,480,10,498
F19998#F2118,58,43,103,0,480,10,499
F19998#F2109,63,51,115,0,480,10,500
F19998#F2099,57,41,99,0,480,10,501
F19998#F2095,55,37,94,0,480,10,502
F19998#F2085,55,38,94,0,480,10,503
F19998#F2081,54,89,144,0,480,10,504
F19998#F2073,50,78,129,0,480,10,505
F19998#F2067,95,40,136,0,480,10,506
F19998#F2052,95,48,144,0,480,10,507
F19998#F2048,62,39,102,0,480,10,508
F19998#F2039,57,39,97,0,480,10,509
F19998#F2037,94,37,133,0,480,10,510
F19998#F2026,63,91,155,0,480,10,511
F19998#F2023,53,37,91,0,480,10,512
F19998#F2013,60,52,113,0,480,10,513
F19998#F2010,55,43,99,0,480,10,514
F19998#F2005,63,41,106,0,480,10,515
F19998#F1998,56,78,135,0,480,10,516
F19998#F1997,54,44,98,0,480,10,517
F19998#F1989,56,44,101,0,480,10,518
F19998#F1980,53,41,95,0,480,10,519
F19998#F1979,57,82,140,0,480,10,520
F19998#F1972,55,40,96,0,480,10,521
F19998#F1970,64,40,104,0,480,10,522
F19998#F1967,54,37,91,0,480,10,523
F19998#F1959,76,93,171,0,480,10,524
F19998#F1955,62,36,100,0,480,10,525
F19998#F1951,56,37,94,0,480,10,526
F19998#F1946,63,35,99,0,480,10,527
F19998#F1943,86,46,134,0,480,10,528
F19998#F1940,51,41,94,0,480,10,529
F19998#F1930,48,75,124,0,480,10,530
F19998#F1921,60,34,95,0,480,10,531
F19998#F1914,49,73,123,0,480,10,532
F19998#F1906,53,44,98,0,480,10,533
F19998#F1902,58,37,96,0,480,10,534
F19998#F1897,54,46,100,0,480,10,535
F19998#F1894,59,36,97,0,480,10,536
F19998#F1889,59,38,98,0,480,10,537
F19998#F1883,51,39,91,0,480,10,538
F19998#F1881,63,36,101,0,480,10,539
F19998#F1877,54,43,97,0,480,10,540
F19998#F1870,67,39,107,0,480,10,541
F19998#F1863,59,36,96,0,480,10,542
F19998#F1860,52,85,138,0,480,10,543
F19998#F1855,56,40,97,0,480,10,544
F19998#F1851,49,38,88,0,480,10,545
F19998#F1848,56,92,149,0,480,10,546
F19998#F1836,58,41,101,0,480,10,547
F19998#F1833,61,91,154,0,480,10,548
F19998#F1830,55,35,92,0,480,10,549
F19998#F1827,55,87,143,0,480,10,550
F19998#F1820,58,38,97,0,480,10,551
F19998#F1812,61,38,100,0,480,10,552
F19998#F1809,56,42,100,0,480,10,553
F19998#F1804,57,83,141,0,480,10,554
F19998#F1801,52,84,137,0,480,10,555
F19998#F1792,53,39,92,0,480,10,556
F19998#F1788,94,90,185,0,480,10,557
F19998#F1783,55,36,92,0,480,10,558
F19998#F1780,54,36,91,0,480,10,559
F19998#F1776,63,47,111,0,480,10,560
F19998#F1775,56,41,97,0,480,10,561
F19998#F1772,98,41,139,0,480,10,562
F19998#F1765,66,87,154,0,480,10,563
F19998#F1762,52,86,139,0,480,10,564
F19998#F1756,61,38,100,0,480,10,565
F19998#F1748,59,46,106,0,480,10,566
F19998#F1744,59,46,106,0,480,10,567
F19998#F1740,59,39,100,0,480,10,568
F19998#F1737,56,35,92,0,480,10,569
F19998#F1733,57,45,103,0,480,10,570
F19998#F1731,61,45,108,0,480,10,571
F19998#F1729,55,40,96,0,480,10,572
F19998#F1719,59,91,151,0,480,10,573
F19998#F1710,58,84,143,0,480,10,574
F19998#F1708,59,36,97,0,480,10,575
F19998#F1704,94,41,137,0,480,10,576
F19998#F1699,53,44,99,0,480,10,577
F19998#F1697,49,40,90,0,480,10,578
F19998#F1693,64,40,105,0,480,10,579
F19998#F1687,53,38,91,0,480,10,580
F19998#F1682,67,42,110,0,480,10,581
F19998#F1678,61,42,105,0,480,10,582
F19998#F1671,66,39,106,0,480,10,583
F19998#F1662,64,43,108,0,480,10,584
F19998#F1658,70,103,174,0,480,10,585
F19998#F1652,59,42,102,0,480,10,586
F19998#F1648,62,42,104,0,480,10,587
F19998#F1640,57,43,101,0,480,10,588
F19998#F1638,57,37,95,0,480,10,589
F19998#F1637,95,42,138,0,480,10,590
F19998#F1636,57,37,95,0,480,10,591
F19998#F1633,68,35,104,0,480,10,592
F19998#F1625,53,57,111,0,480,10,593
F19998#F1622,58,81,140,0,480,10,594
F19998#F1616,57,36,95,0,480,10,595
F19998#F1612,56,49,106,0,480,10,596
F19998#F1608,57,39,98,0,480,10,597
F19998#F1606,59,38,98,0,480,10,598
F19998#F1602,64,84,149,0,480,10,599
F19998#F1600,56,42,99,0,480,10,600
F19998#F1597,58,43,102,0,480,10,601
F19998#F1589,62,39,102,0,480,10,602
F19998#F1584,59,45,104,0,480,10,603
F19998#F1580,56,36,93,0,480,10,604
F19998#F1576,56,90,147,0,480,10,605
F19998#F1573,102,37,140,0,480,10,606
F19998#F1570,57,36,94,0,480,10,607
F19998#F1565,58,36,96,0,480,10,608
F19998#F1560,56,34,91,0,480,10,609
F19998#F1555,57,36,95,0,480,10,610
F19998#F1549,62,40,103,0,480,10,611
F19998#F1548,69,44,113,0,480,10,612
F19998#F1545,60,41,102,0,480,10,613
F19998#F1541,60,39,100,0,480,10,614
F19998#F1537,58,87,146,0,480,10,615
F19998#F1535,57,40,98,0,480,10,616
F19998#F1528,46,43,90,0,480,10,617
F19998#F1519,52,41,94,0,480,10,618
F19998#F1517,98,38,137,0,480,10,619
F19998#F1513,55,44,100,0,480,10,620
F19998#F1509,56,40,96,0,480,10,621
F19998#F1505,54,90,145,0,480,10,622
F19998#F1500,55,84,140,0,480,10,623
F19998#F1498,64,40,104,0,480,10,624
F19998#F1495,56,39,95,0,480,10,625
F19998#F1494,60,39,101,0,480,10,626
F19998#F1485,55,42,99,0,480,10,627
F19998#F1482,81,42,125,0,480,10,628
F19998#F1481,60,65,127,0,480,10,629
F19998#F1472,58,44,103,0,480,10,630
F19998#F1468,68,46,115,0,480,10,632
F19998#F1467,56,39,96,0,480,10,633
F19998#F1464,52,39,92,0,480,10,634
F19998#F1458,60,43,105,0,480,10,635
F19998#F1455,55,41,97,0,480,10,636
F19998#F1449,56,42,99,0,480,10,637
F19998#F1447,59,73,133,0,480,10,638
F19998#F1441,59,36,97,0,480,10,639
F19998#F1437,58,37,96,0,480,10,640
F19998#F1434,53,34,88,0,480,10,641
F19998#F1428,47,37,85,0,480,10,642
F19998#F1424,52,37,90,0,480,10,643
F19998#F1420,53,41,96,0,480,10,644
F19998#F1417,47,36,84,0,480,10,645
F19998#F1416,54,37,91,0,480,10,646
F19998#F1413,48,37,86,0,480,10,647
F19998#F1411,49,36,87,0,480,10,648
F19998#F1399,50,41,92,0,480,10,649
F19998#F1394,53,39,93,0,480,10,650
F19998#F1386,54,39,94,0,480,10,651
F19998#F1384,56,37,94,0,480,10,652
F19998#F1379,56,41,98,0,480,10,653
F19998#F1376,57,82,140,0,480,10,654
F19998#F1372,48,39,89,0,480,10,655
F19998#F1367,47,88,136,0,480,10,656
F19998#F1365,53,35,89,0,480,10,657
F19998#F1359,55,83,139,0,480,10,658
F19998#F1355,55,39,95,0,480,10,659
F19998#F1354,53,41,96,0,480,10,661
F19998#F1347,52,42,96,0,480,10,662
F19998#F1345,53,37,91,0,480,10,663
F19998#F1340,60,90,151,0,480,10,664
F19998#F1339,53,39,93,0,480,10,665
F19998#F1336,51,48,100,0,480,10,666
F19998#F1335,50,38,89,0,480,10,667
F19998#F1331,52,37,90,0,480,10,668
F19998#F1326,54,36,92,0,480,10,669
F19998#F1325,52,85,138,0,480,10,671
F19998#F1318,77,47,125,0,480,10,672
F19998#F1315,62,99,162,0,480,10,674
F19998#F1309,55,37,93,0,480,10,675
F19998#F1306,56,39,96,0,480,10,676
F19998#F1303,52,37,90,0,480,10,677
F19998#F1299,57,38,96,0,480,10,678
F19998#F1291,55,37,93,0,480,10,679
F19998#F1289,50,40,91,0,480,10,680
F19998#F1287,53,38,92,0,480,10,681
F19998#F1286,54,36,91,0,480,10,682
F19998#F1284,84,83,168,0,480,10,683
F19998#F1283,51,44,96,0,480,10,684
F19998#F1277,53,40,93,0,480,10,685
F19998#F1274,52,86,139,0,480,10,686
F19998#F1272,58,46,105,0,480,10,687
F19998#F1269,48,41,90,0,480,10,688
F19998#F1266,46,94,141,0,480,10,689
F19998#F1264,65,89,155,0,480,10,690
F19998#F1262,50,41,92,0,480,10,691
F19998#F1260,54,46,101,0,480,10,692
F19998#F1256,59,82,143,0,480,10,693
F19998#F1252,57,40,98,0,480,10,694
F19998#F1250,53,37,92,0,480,10,695
F19998#F1247,55,37,94,0,480,10,696
F19998#F1241,48,86,134,0,480,10,697
F19998#F1240,63,37,102,0,480,10,698
F19998#F1238,65,38,105,0,480,10,699
F19998#F1233,50,42,92,0,480,10,701
F19998#F1230,60,91,153,0,480,10,702
F19998#F1228,56,42,100,0,480,10,703
F19998#F1225,53,44,98,0,480,10,704
F19998#F1224,51,42,94,0,480,10,706
F19998#F1223,64,89,153,0,480,10,707
F19998#F1215,53,40,93,0,480,10,708
F19998#F1210,53,88,142,0,480,10,709
F19998#F1206,56,37,94,0,480,10,710
F19998#F1205,54,50,106,0,480,10,711
F19998#F1201,59,37,96,0,480,10,712
F19998#F1200,58,37,96,0,480,10,713
F19998#F1197,56,38,95,0,480,10,714
F19998#F1194,56,45,102,0,480,10,715
F19998#F1193,51,38,90,0,480,10,716
F19998#F1186,97,86,184,0,480,10,717
F19998#F1184,74,41,116,0,480,10,718
F19998#F1180,101,46,148,0,480,10,719
F19998#F1179,64,44,109,0,480,10,720
F19998#F1177,61,93,155,0,480,10,721
F19998#F1176,61,40,103,0,480,10,722
F19998#F1172,60,44,105,0,480,10,723
F19998#F1170,71,92,164,0,480,10,724
F19998#F1167,71,39,111,0,480,10,725
F19998#F1166,68,43,112,0,480,10,726
F19998#F1160,54,48,103,0,480,10,727
F19998#F1156,59,84,145,0,480,10,728
F19998#F1153,51,74,127,0,480,10,729
F19998#F1151,50,37,88,0,480,10,730
F19998#F1142,53,37,92,0,480,10,732
F19998#F1137,62,41,104,0,480,10,733
F19998#F1136,57,42,100,0,480,10,734
F19998#F1135,55,41,97,0,480,10,735
F19998#F1132,58,85,145,0,480,10,736
F19998#F1128,59,41,101,0,480,10,737
F19998#F1123,54,88,143,0,480,10,738
F19998#F1121,112,38,151,0,480,10,739
F19998#F1120,73,52,126,0,480,10,740
F19998#F1118,68,39,108,0,480,10,741
F19998#F1116,56,38,95,0,480,10,742
F19998#F1113,53,87,142,0,480,10,743
F19998#F1111,53,87,141,0,480,10,744
F19998#F1108,65,56,122,0,480,10,745
F19998#F1102,86,43,130,0,480,10,746
F19998#F1099,64,50,115,0,480,10,748
F19998#F1096,63,103,167,0,480,10,749
F19998#F1094,69,44,114,0,480,10,750
F19998#F1092,65,51,117,0,480,10,751
F19998#F1089,87,45,133,0,480,10,752
F19998#F1088,72,98,171,0,480,10,753
F19998#F1085,59,40,101,0,480,10,754
F19998#F1081,61,36,98,0,480,10,755
F19998#F1078,59,38,99,0,480,10,756
F19998#F1075,66,99,166,0,480,10,757
F19998#F1073,58,89,148,0,480,10,758
F19998#F1069,66,46,113,0,480,10,759
F19998#F1063,69,41,111,0,480,10,760
F19998#F1061,57,37,95,0,480,10,761
F19998#F1059,56,42,100,0,480,10,762
F19998#F1058,51,39,91,0,480,10,763
F19998#F1057,53,35,89,0,480,10,764
F19998#F1056,51,84,136,0,480,10,765
F19998#F1050,50,35,86,0,480,10,766
F19998#F1047,53,38,92,0,480,10,767
F19998#F1044,58,41,100,0,480,10,768
F19998#F1043,54,39,95,0,480,10,769
F19998#F1039,97,35,133,0,480,10,770
F19998#F1037,62,86,148,0,480,10,771
F19998#F1032,55,35,91,0,480,10,772
F19998#F1029,93,38,132,0,480,10,773
F19998#F1027,53,81,134,0,480,10,774
F19998#F1022,58,38,97,0,480,10,775
F19998#F1020,51,83,135,0,480,10,776
F19998#F1017,55,44,100,0,480,10,777
F19998#F1015,55,82,139,0,480,10,778
F19998#F1012,52,34,87,0,480,10,779
F19998#F1008,50,51,103,0,480,10,780
F19998#F1006,55,34,91,0,480,10,781
F19998#F1004,92,35,127,0,480,10,782
F19998#F1002,48,31,80,0,480,10,783
F19998#F998,48,32,82,0,480,10,784
F19998#F996,48,80,130,0,480,10,785
F19998#F995,51,83,135,0,480,10,786
F19998#F991,54,35,90,0,480,10,787
F19998#F990,55,40,96,0,480,10,788
F19998#F984,58,38,98,0,480,10,789
F19998#F982,78,91,169,0,480,10,790
F19998#F981,55,84,140,0,480,10,791
F19998#F979,59,36,97,0,480,10,792
F19998#F976,66,42,109,0,480,10,793
F19998#F973,62,40,103,0,480,10,794
F19998#F971,60,37,98,0,480,10,796
F19998#F968,92,38,131,0,480,10,797
F19998#F967,52,35,89,0,480,10,798
F19998#F966,53,41,95,0,480,10,799
F19998#F963,52,35,89,0,480,10,801
F19998#F962,57,35,93,0,480,10,802
F19998#F961,58,41,100,0,480,10,803
F19998#F958,50,39,90,0,480,10,804
F19998#F957,52,35,89,0,480,10,805
F19998#F953,52,73,125,0,480,10,806
F19998#F947,54,38,92,0,480,10,807
F19998#F944,52,36,89,0,480,10,808
F19998#F942,49,85,135,0,480,10,809
F19998#F939,55,40,96,0,480,10,810
F19998#F937,57,35,93,0,480,10,811
F19998#F935,55,35,92,0,480,10,812
F19998#F932,55,85,141,0,480,10,813
F19998#F928,70,38,109,0,480,10,814
F19998#F925,95,36,131,0,480,10,815
F19998#F924,66,35,102,0,480,10,816
F19998#F923,52,36,89,0,480,10,817
F19998#F921,48,34,84,0,480,10,818
F19998#F919,65,35,102,0,480,10,819
F19998#F918,71,35,107,0,480,10,820
F19998#F916,96,39,137,0,480,10,822
F19998#F910,57,37,96,0,480,10,823
F19998#F907,54,42,97,0,480,10,825
F19998#F906,58,46,105,0,480,10,826
F19998#F902,53,36,91,0,480,10,827
F19998#F900,53,35,89,0,480,10,828
F19998#F897,54,36,92,0,480,10,829
F19998#F894,62,35,98,0,480,10,831
F19998#F893,61,45,107,0,480,10,832
F19998#F891,71,46,118,0,480,10,833
F19998#F889,56,42,99,0,480,10,835
F19998#F888,60,37,98,0,480,10,836
F19998#F887,56,37,94,0,480,10,838
F19998#F884,51,34,86,0,480,10,839
F19998#F881,87,35,123,0,480,10,841
F19998#F873,93,36,129,0,480,10,842
F19998#F869,85,78,164,0,480,10,843
F19998#F866,54,76,132,0,480,10,844
F19998#F864,50,36,87,0,480,10,845
F19998#F863,51,44,96,0,480,10,846
F19998#F861,53,34,88,0,480,10,847
F19998#F858,64,38,103,0,480,10,849
F19998#F853,59,37,97,0,480,10,850
F19998#F852,54,34,89,0,480,10,851
F19998#F851,90,35,125,0,480,10,852
F19998#F850,52,36,89,0,480,10,853
F19998#F845,86,42,129,0,480,10,854
F19998#F844,52,44,97,0,480,10,855
F19998#F843,102,49,152,0,480,10,858
F19998#F842,53,42,97,0,480,10,859
F19998#F840,50,39,91,0,480,10,860
F19998#F839,58,38,97,0,480,10,862
F19998#F838,56,42,99,0,480,10,863
F19998#F835,51,32,84,0,480,10,864
F19998#F832,97,40,138,0,480,10,865
F19998#F830,48,40,89,0,480,10,866
F19998#F829,49,35,86,0,480,10,867
F19998#F827,69,44,115,0,480,10,868
F19998#F825,51,85,136,0,480,10,869
F19998#F823,55,35,91,0,480,10,870
F19998#F822,52,34,87,0,480,10,871
F19998#F820,51,35,87,0,480,10,872
F19998#F819,55,81,137,0,480,10,873
F19998#F818,46,32,79,0,480,10,874
F19998#F814,46,85,132,0,480,10,875
F19998#F813,94,40,134,0,480,10,876
F19998#F812,73,35,110,0,480,10,877
F19998#F807,48,32,81,0,480,10,878
F19998#F806,47,32,80,0,480,10,879
F19998#F805,48,83,132,0,480,10,880
F19998#F803,49,33,83,0,480,10,881
F19998#F801,49,35,85,0,480,10,882
F19998#F798,49,36,85,0,480,10,883
F19998#F796,49,34,84,0,480,10,884
F19998#F795,50,35,87,0,480,10,885
F19998#F793,53,40,95,0,480,10,886
F19998#F792,51,45,97,0,480,10,887
F19998#F789,50,35,87,0,480,10,888
F19998#F788,87,78,165,0,480,10,890
F19998#F786,54,33,88,0,480,10,891
F19998#F785,50,38,88,0,480,10,892
F19998#F783,52,34,87,0,480,10,893
F19998#F782,52,36,88,0,480,10,894
F19998#F781,51,79,131,0,480,10,895
F19998#F777,47,38,86,0,480,10,896
F19998#F775,46,38,85,0,480,10,897
F19998#F772,45,77,123,0,480,10,898
F19998#F771,47,36,84,0,480,10,899
F19998#F770,50,37,87,0,480,10,900
F19998#F769,46,34,81,0,480,10,901
F19998#F765,45,36,81,0,480,10,902
F19998#F764,48,34,84,0,480,10,903
F19998#F760,46,34,81,0,480,10,904
F19998#F756,49,33,83,0,480,10,906
F19998#F752,48,35,84,0,480,10,908
F19998#F751,49,39,89,0,480,10,909
F19998#F749,51,41,93,0,480,10,910
F19998#F747,56,39,96,0,480,10,911
F19998#F745,55,40,96,0,480,10,912
F19998#F742,53,91,146,0,480,10,913
F19998#F740,52,33,86,0,480,10,914
F19998#F735,48,33,82,0,480,10,915
F19998#F734,53,34,87,0,480,10,917
F19998#F731,50,36,88,0,480,10,918
F19998#F730,52,33,87,0,480,10,920
F19998#F728,48,89,138,0,480,10,922
F19998#F727,42,34,76,0,480,10,923
F19998#F726,44,39,85,0,480,10,924
F19998#F725,51,36,87,0,480,10,926
F19998#F722,48,35,84,0,480,10,927
F19998#F721,56,37,94,0,480,10,930
F19998#F720,57,41,99,0,480,10,932
F19998#F719,56,36,93,0,480,10,935
F19998#F716,60,89,151,0,480,10,936
F19998#F715,54,35,90,0,480,10,937
F19998#F714,50,39,90,0,480,10,938
F19998#F713,59,40,101,0,480,10,939
F19998#F709,52,37,90,0,480,10,940
F19998#F707,62,37,100,0,480,10,941
F19998#F704,47,37,84,0,480,10,942
F19998#F700,90,37,128,0,480,10,944
F19998#F698,47,86,135,0,480,10,945
F19998#F697,47,35,83,0,480,10,948
F19998#F693,50,39,90,0,480,10,950
F19998#F692,46,36,83,0,480,10,953
F19998#F691,54,37,92,0,480,10,954
F19998#F690,52,33,86,0,480,10,955
F19998#F686,53,32,86,0,480,10,956
F19998#F684,48,33,81,0,480,10,958
F19998#F682,50,33,85,0,480,10,959
F19998#F679,51,87,140,0,480,10,960
F19998#F678,52,35,89,0,480,10,961
F19998#F677,49,84,135,0,480,10,962
F19998#F674,51,36,88,0,480,10,963
F19998#F671,83,36,120,0,480,10,965
F19998#F668,45,41,87,0,480,10,967
F19998#F666,48,72,121,0,480,10,969
F19998#F664,50,38,88,0,480,10,970
F19998#F663,56,87,143,0,480,10,971
F19998#F662,50,41,92,0,480,10,972
F19998#F661,52,37,90,0,480,10,973
F19998#F660,49,42,91,0,480,10,974
F19998#F659,46,36,83,0,480,10,975
F19998#F658,51,35,87,0,480,10,976
F19998#F657,88,82,172,0,480,10,978
F19998#F655,53,38,93,0,480,10,979
F19998#F654,50,37,88,0,480,10,982
F19998#F653,47,83,131,0,480,10,983
F19998#F652,45,33,80,0,480,10,984
F19998#F651,47,38,87,0,480,10,985
F19998#F650,49,35,84,0,480,10,987
F19998#F649,49,79,129,0,480,10,988
F19998#F647,51,78,130,0,480,10,989
F19998#F645,53,36,90,0,480,10,990
F19998#F644,49,35,86,0,480,10,991
F19998#F642,47,82,130,0,480,10,992
F19998#F641,49,35,85,0,480,10,993
F19998#F638,53,65,120,0,480,10,994
F19998#F637,61,37,100,0,480,10,995
F19998#F635,59,75,135,0,480,10,996
F19998#F633,68,40,110,0,480,10,997
F19998#F632,56,98,155,0,480,10,998
F19998#F630,57,43,101,0,480,10,999
F19998#F629,51,85,137,0,480,10,1000
F19998#F627,49,32,82,0,480,10,1001
F19998#F624,45,32,77,0,480,10,1002
F19998#F622,46,33,80,0,480,10,1004
F19998#F619,44,84,130,0,480,10,1005
F19998#F616,49,38,89,0,480,10,1006
F19998#F615,46,85,132,0,480,10,1007
F19998#F613,50,78,129,0,480,10,1008
F19998#F612,58,83,142,0,480,10,1011
F19998#F611,53,42,96,0,480,10,1012
F19998#F609,51,38,90,0,480,10,1013
F19998#F607,60,94,154,0,480,10,1015
F19998#F604,56,36,93,0,480,10,1016
F19998#F603,52,36,89,0,480,10,1017
F19998#F602,54,34,90,0,480,10,1018
F19998#F599,53,35,90,0,480,10,1020
F19998#F598,93,38,132,0,480,10,1022
F19998#F597,85,35,121,0,480,10,1023
F19998#F595,48,85,135,0,480,10,1024
F19998#F594,49,41,90,0,480,10,1027
F19998#F592,54,40,95,0,480,10,1028
F19998#F591,52,42,95,0,480,10,1029
F19998#F590,103,34,138,0,480,10,1031
F19998#F588,60,94,155,0,480,10,1032
F19998#F587,57,39,97,0,480,10,1033
F19998#F586,56,36,93,0,480,10,1034
F19998#F585,95,89,185,0,480,10,1036
F19998#F584,54,36,92,0,480,10,1037
F19998#F583,61,37,100,0,480,10,1038
F19998#F582,51,38,90,0,480,10,1040
F19998#F580,48,36,85,0,480,10,1041
F19998#F578,51,41,94,0,480,10,1042
F19998#F576,54,87,143,0,480,10,1044
F19998#F574,50,86,137,0,480,10,1045
F19998#F572,54,48,102,0,480,10,1047
F19998#F571,47,62,110,0,480,10,1048
F19998#F570,52,36,89,0,480,10,1049
F19998#F569,46,31,79,0,480,10,1050
F19998#F568,54,35,90,0,480,10,1051
F19998#F564,56,37,94,0,480,10,1052
F19998#F563,50,76,127,0,480,10,1054
F19998#F560,54,37,91,0,480,10,1055
F19998#F557,53,35,89,0,480,10,1056
F19998#F554,56,36,93,0,480,10,1057
F19998#F553,53,80,134,0,480,10,1058
F19998#F552,53,32,86,0,480,10,1060
F19998#F551,50,35,87,0,480,10,1064
F19998#F549,53,34,89,0,480,10,1066
F19998#F548,45,36,83,0,480,10,1067
F19998#F545,59,38,98,0,480,10,1068
F19998#F544,49,34,84,0,480,10,1069
F19998#F542,49,83,133,0,480,10,1070
F19998#F539,51,31,83,0,480,10,1071
F19998#F538,45,78,124,0,480,10,1072
F19998#F536,45,33,80,0,480,10,1074
F19998#F534,87,36,124,0,480,10,1075
F19998#F533,50,80,131,0,480,10,1078
F19998#F531,47,80,128,0,480,10,1080
F19998#F529,46,80,127,0,480,10,1081
F19998#F525,51,37,89,0,480,10,1082
F19998#F524,78,100,179,0,480,10,1083
F19998#F523,64,46,111,0,480,10,1085
F19998#F522,62,35,99,0,480,10,1086
F19998#F521,66,40,107,0,480,10,1088
F19998#F520,62,46,109,0,480,10,1089
F19998#F519,55,42,98,0,480,10,1090
F19998#F518,50,82,133,0,480,10,1092
F19998#F517,51,35,87,0,480,10,1095
F19998#F516,58,42,101,0,480,10,1098
F19998#F515,55,46,102,0,480,10,1099
F19998#F514,48,31,81,0,480,10,1100
F19998#F513,91,33,125,0,480,10,1101
F19998#F512,51,33,85,0,480,10,1102
F19998#F510,96,80,177,0,480,10,1103
F19998#F508,55,35,91,0,480,10,1104
F19998#F506,59,38,99,0,480,10,1107
F19998#F505,62,39,103,0,480,10,1108
F19998#F503,61,37,99,0,480,10,1109
F19998#F502,52,41,94,0,480,10,1112
F19998#F501,55,89,144,0,480,10,1114
F19998#F500,55,43,100,0,480,10,1118
F19998#F499,56,51,109,0,480,10,1119
F19998#F498,53,36,91,0,480,10,1126
F19998#F496,61,38,100,0,480,10,1127
F19998#F495,50,84,136,0,480,10,1128
F19998#F494,57,40,98,0,480,10,1129
F19998#F491,56,41,98,0,480,10,1130
F19998#F490,55,36,92,0,480,10,1131
F19998#F489,49,86,135,0,480,10,1132
F19998#F488,47,38,86,0,480,10,1134
F19998#F487,51,85,136,0,480,10,1138
F19998#F486,56,35,92,0,480,10,1139
F19998#F485,48,34,83,0,480,10,1141
F19998#F483,93,88,182,0,480,10,1142
F19998#F481,64,38,103,0,480,10,1143
F19998#F480,54,82,137,0,480,10,1144
F19998#F479,58,39,98,0,480,10,1145
F19998#F478,52,34,87,0,480,10,1146
F19998#F477,54,35,90,0,480,10,1149
F19998#F476,50,37,89,0,480,10,1150
F19998#F473,62,40,103,0,480,10,1151
F19998#F472,57,39,97,0,480,10,1155
F19998#F471,55,43,99,0,480,10,1157
F19998#F469,50,34,85,0,480,10,1158
F19998#F466,50,35,87,0,480,10,1159
F19998#F465,50,34,85,0,480,10,1160
F19998#F464,51,83,135,0,480,10,1163
F19998#F463,46,79,126,0,480,10,1164
F19998#F462,47,72,120,0,480,10,1166
F19998#F460,49,32,82,0,480,10,1169
F19998#F458,56,34,91,0,480,10,1170
F19998#F457,53,35,89,0,480,10,1172
F19998#F456,52,35,88,0,480,10,1173
F19998#F455,50,38,90,0,480,10,1174
F19998#F454,55,34,91,0,480,10,1176
F19998#F453,59,37,97,0,480,10,1177
F19998#F452,55,83,139,0,480,10,1183
F19998#F451,51,34,85,0,480,10,1188
F19998#F448,54,38,93,0,480,10,1189
F19998#F447,54,39,94,0,480,10,1191
F19998#F446,58,43,102,0,480,10,1192
F19998#F444,53,81,135,0,480,10,1194
F19998#F443,52,36,89,0,480,10,1195
F19998#F442,54,87,143,0,480,10,1197
F19998#F441,55,51,107,0,480,10,1199
F19998#F440,52,86,139,0,480,10,1200
F19998#F438,56,40,97,0,480,10,1202
F19998#F437,54,35,90,0,480,10,1203
F19998#F436,56,32,89,0,480,10,1205
F19998#F435,53,83,137,0,480,10,1208
F19998#F434,52,36,90,0,480,10,1209
F19998#F432,52,39,92,0,480,10,1215
F19998#F428,52,36,89,0,480,10,1216
F19998#F426,51,83,135,0,480,10,1217
F19998#F425,54,45,100,0,480,10,1218
F19998#F424,59,85,146,0,480,10,1220
F19998#F423,61,51,113,0,480,10,1221
F19998#F422,60,39,100,0,480,10,1222
F19998#F421,67,91,159,0,480,10,1223
F19998#F420,52,35,88,0,480,10,1230
F19998#F418,53,41,95,0,480,10,1232
F19998#F417,59,87,147,0,480,10,1234
F19998#F416,53,36,90,0,480,10,1238
F19998#F415,60,36,97,0,480,10,1241
F19998#F414,54,37,93,0,480,10,1243
F19998#F413,53,38,92,0,480,10,1247
F19998#F411,63,82,146,0,480,10,1248
F19998#F410,53,34,88,0,480,10,1249
F19998#F409,55,35,90,0,480,10,1250
F19998#F408,52,37,90,0,480,10,1251
F19998#F407,49,32,82,0,480,10,1253
F19998#F406,45,37,83,0,480,10,1254
F19998#F405,49,54,105,0,480,10,1255
F19998#F403,59,100,160,0,480,10,1256
F19998#F400,63,41,106,0,480,10,1257
F19998#F399,59,39,99,0,480,10,1260
F19998#F398,74,44,120,0,480,10,1266
F19998#F396,58,98,157,0,480,10,1269
F19998#F395,59,41,102,0,480,10,1271
F19998#F392,60,36,96,0,480,10,1272
F19998#F391,57,34,92,0,480,10,1273
F19998#F390,54,36,91,0,480,10,1277
F19998#F389,55,34,90,0,480,10,1278
F19998#F388,52,34,87,0,480,10,1284
F19998#F387,53,87,142,0,480,10,1287
F19998#F386,52,43,96,0,480,10,1289
F19998#F385,53,36,89,0,480,10,1291
F19998#F384,49,37,87,0,480,10,1292
F19998#F383,60,83,144,0,480,10,1293
F19998#F382,47,36,84,0,480,10,1294
F19998#F381,48,73,121,0,480,10,1295
F19998#F377,51,35,87,0,480,10,1297
F19998#F376,61,37,99,0,480,10,1298
F19998#F375,50,33,84,0,480,10,1300
F19998#F374,53,44,98,0,480,10,1304
F19998#F373,51,35,87,0,480,10,1310
F19998#F372,55,36,92,0,480,10,1313
F19998#F371,48,42,91,0,480,10,1314
F19998#F370,49,38,88,0,480,10,1315
F19998#F369,54,36,91,0,480,10,1317
F19998#F368,48,33,82,0,480,10,1319
F19998#F366,47,32,80,0,480,10,1320
F19998#F364,48,77,127,0,480,10,1322
F19998#F363,49,85,135,0,480,10,1323
F19998#F362,49,76,126,0,480,10,1324
F19998#F361,52,49,103,0,480,10,1325
F19998#F360,59,38,99,0,480,10,1329
F19998#F359,49,36,86,0,480,10,1330
F19998#F358,54,36,91,0,480,10,1331
F19998#F357,51,39,91,0,480,10,1334
F19998#F356,49,80,129,0,480,10,1337
F19998#F355,101,38,141,0,480,10,1339
F19998#F354,47,76,124,0,480,10,1342
F19998#F353,49,36,87,0,480,10,1343
F19998#F352,54,35,90,0,480,10,1348
F19998#F351,51,34,86,0,480,10,1354
F19998#F350,47,33,80,0,480,10,1355
F19998#F349,50,36,88,0,480,10,1356
F19998#F348,43,38,82,0,480,10,1358
F19998#F347,52,37,90,0,480,10,1360
F19998#F346,50,30,81,0,480,10,1361
F19998#F345,48,37,85,0,480,10,1363
F19998#F344,52,33,86,0,480,10,1365
F19998#F343,50,33,85,0,480,10,1367
F19998#F342,47,33,81,0,480,10,1368
F19998#F341,89,80,171,0,480,10,1374
F19998#F340,47,87,135,0,480,10,1377
F19998#F339,51,45,97,0,480,10,1379
F19998#F338,52,37,90,0,480,10,1382
F19998#F337,50,84,135,0,480,10,1383
F19998#F335,46,35,82,0,480,10,1385
F19998#F334,46,36,83,0,480,10,1386
F19998#F333,45,79,126,0,480,10,1387
F19998#F332,42,31,74,0,480,10,1388
F19998#F331,43,35,79,0,480,10,1392
F19998#F330,46,32,79,0,480,10,1393
F19998#F327,48,33,82,0,480,10,1405
F19998#F326,85,32,118,0,480,10,1409
F19998#F325,83,79,163,0,480,10,1412
F19998#F324,51,32,84,0,480,10,1416
F19998#F323,49,70,121,0,480,10,1420
F19998#F322,49,34,84,0,480,10,1427
F19998#F321,44,37,82,0,480,10,1433
F19998#F320,50,33,84,0,480,10,1434
F19998#F319,92,32,125,0,480,10,1438
F19998#F318,92,39,132,0,480,10,1442
F19998#F317,51,32,83,0,480,10,1449
F19998#F316,53,34,89,0,480,10,1459
F19998#F315,48,35,83,0,480,10,1460
F19998#F314,45,33,79,0,480,10,1461
F19998#F313,44,31,77,0,480,10,1463
F19998#F312,50,43,93,0,480,10,1464
F19998#F311,49,32,82,0,480,10,1467
F19998#F310,50,31,82,0,480,10,1469
F19998#F308,87,81,168,0,480,10,1473
F19998#F306,50,34,86,0,480,10,1475
F19998#F305,47,81,129,0,480,10,1481
F19998#F304,52,34,88,0,480,10,1493
F19998#F303,55,33,90,0,480,10,1496
F19998#F302,47,36,85,0,480,10,1500
F19998#F301,47,35,83,0,480,10,1507
F19998#F298,46,33,80,0,480,10,1509
F19998#F297,43,37,81,0,480,10,1512
F19998#F296,49,33,83,0,480,10,1517
F19998#F295,88,35,124,0,480,10,1518
F19998#F293,48,80,129,0,480,10,1519
F19998#F292,53,34,88,0,480,10,1522
F19998#F291,47,33,82,0,480,10,1526
F19998#F290,44,80,125,0,480,10,1536
F19998#F289,50,85,135,0,480,10,1537
F19998#F288,51,39,90,0,480,10,1538
F19998#F287,49,31,81,0,480,10,1539
F19998#F285,50,34,86,0,480,10,1545
F19998#F284,50,34,86,0,480,10,1559
F19998#F283,51,36,88,0,480,10,1562
F19998#F282,90,42,133,0,480,10,1563
F19998#F281,61,38,100,0,480,10,1565
F19998#F280,54,42,97,0,480,10,1566
F19998#F279,50,37,88,0,480,10,1567
F19998#F278,96,48,145,0,480,10,1568
F19998#F277,53,37,91,0,480,10,1570
F19998#F276,51,35,87,0,480,10,1573
F19998#F275,50,41,92,0,480,10,1575
F19998#F274,54,36,91,0,480,10,1577
F19998#F273,53,37,91,0,480,10,1579
F19998#F272,49,83,133,0,480,10,1580
F19998#F263,47,37,85,0,480,10,1586
F19998#F262,49,38,89,0,480,10,1597
F19998#F261,47,80,129,0,480,10,1602
F19998#F260,46,81,129,0,480,10,1605
F19998#F259,53,40,94,0,480,10,1608
F19998#F258,48,75,125,0,480,10,1614
F19998#F257,48,42,92,0,480,10,1619
F19998#F256,54,34,89,0,480,10,1622
F19998#F255,86,84,171,0,480,10,1625
F19998#F254,53,36,90,0,480,10,1635
F19998#F253,59,83,143,0,480,10,1638
F19998#F252,49,36,85,0,480,10,1639
F19998#F251,49,35,86,0,480,10,1640
F19998#F250,88,59,149,0,480,10,1644
F19998#F249,83,41,125,0,480,10,1652
F19998#F248,99,38,137,0,480,10,1654
F19998#F247,58,96,155,0,480,10,1655
F19998#F246,58,37,96,0,480,10,1657
F19998#F245,62,97,160,0,480,10,1660
F19998#F244,55,42,99,0,480,10,1663
F19998#F243,53,36,90,0,480,10,1669
F19998#F242,49,35,85,0,480,10,1680
F19998#F241,48,34,84,0,480,10,1682
F19998#F240,47,35,84,0,480,10,1685
F19998#F239,63,78,142,0,480,10,1688
F19998#F236,49,81,131,0,480,10,1690
F19998#F235,51,84,136,0,480,10,1693
F19998#F234,54,36,90,0,480,10,1704
F19998#F233,88,80,169,0,480,10,1709
F19998#F231,51,89,141,0,480,10,1715
F19998#F230,51,40,92,0,480,10,1720
F19998#F228,54,79,134,0,480,10,1721
F19998#F226,56,32,89,0,480,10,1727
F19998#F225,57,36,94,0,480,10,1730
F19998#F224,43,34,78,0,480,10,1735
F19998#F223,45,33,79,0,480,10,1736
F19998#F222,49,32,83,0,480,10,1745
F19998#F221,44,34,78,0,480,10,1748
F19998#F220,47,35,82,0,480,10,1751
F19998#F219,47,34,83,0,480,10,1752
F19998#F218,48,39,88,0,480,10,1757
F19998#F217,50,88,139,0,480,10,1761
F19998#F216,49,37,87,0,480,10,1762
F19998#F215,45,71,117,0,480,10,1781
F19998#F214,50,89,140,0,480,10,1788
F19998#F213,49,38,89,0,480,10,1797
F19998#F212,51,33,85,0,480,10,1802
F19998#F211,48,38,87,0,480,10,1811
F19998#F210,187,38,226,0,480,10,1815
F19998#F209,52,41,94,0,480,10,1817
F19998#F208,58,35,94,0,480,10,1820
F19998#F207,48,30,80,0,480,10,1821
F19998#F206,58,85,145,0,480,10,1833
F19998#F205,51,83,136,0,480,10,1839
F19998#F204,89,34,124,0,480,10,1841
F19998#F203,47,90,138,0,480,10,1844
F19998#F202,52,36,89,0,480,10,1846
F19998#F201,48,36,85,0,480,10,1847
F19998#F200,52,36,89,0,480,10,1864
F19998#F199,55,35,91,0,480,10,1869
F19998#F198,49,35,85,0,480,10,1881
F19998#F196,49,33,83,0,480,10,1883
F19998#F194,52,35,88,0,480,10,1894
F19998#F193,49,35,86,0,480,10,1902
F19998#F192,44,41,86,0,480,10,1913
F19998#F191,54,35,90,0,480,10,1927
F19998#F190,54,37,92,0,480,10,1935
F19998#F189,50,37,88,0,480,10,1936
F19998#F188,48,33,82,0,480,10,1940
F19998#F187,56,36,94,0,480,10,1946
F19998#F186,50,34,84,0,480,10,1948
F19998#F185,50,35,86,0,480,10,1982
F19998#F184,49,82,132,0,480,10,1983
F19998#F183,48,34,82,0,480,10,1988
F19998#F182,85,34,120,0,480,10,1990
F19998#F181,46,35,82,0,480,10,1991
F19998#F180,58,36,95,0,480,10,2004
F19998#F179,45,41,87,0,480,10,2015
F19998#F178,49,39,89,0,480,10,2017
F19998#F177,45,74,120,0,480,10,2026
F19998#F176,52,38,91,0,480,10,2033
F19998#F175,45,34,80,0,480,10,2038
F19998#F174,46,37,84,0,480,10,2040
F19998#F172,48,33,82,0,480,10,2049
F19998#F171,43,31,75,0,480,10,2052
F19998#F169,42,78,120,0,480,10,2060
F19998#F168,43,82,126,0,480,10,2071
F19998#F167,48,39,88,0,480,10,2072
F19998#F165,45,32,79,0,480,10,2075
F19998#F164,48,32,82,0,480,10,2081
F19998#F163,46,36,83,0,480,10,2105
F19998#F162,48,82,131,0,480,10,2131
F19998#F161,51,44,96,0,480,10,2134
F19998#F160,53,82,136,0,480,10,2175
F19998#F159,50,35,85,0,480,10,2193
F19998#F158,52,85,138,0,480,10,2195
F19998#F157,47,87,136,0,480,10,2198
F19998#F156,51,35,87,0,480,10,2204
F19998#F155,48,34,82,0,480,10,2219
F19998#F154,49,36,86,0,480,10,2230
F19998#F153,45,42,88,0,480,10,2233
F19998#F152,62,41,104,0,480,10,2255
F19998#F151,54,48,103,0,480,10,2263
F19998#F150,60,36,97,0,480,10,2280
F19998#F149,83,78,162,0,480,10,2282
F19998#F148,82,78,162,0,480,10,2287
F19998#F147,62,39,102,0,480,10,2297
F19998#F146,52,41,95,0,480,10,2302
F19998#F145,52,86,138,0,480,10,2305
F19998#F144,48,39,88,0,480,10,2347
F19998#F143,53,39,93,0,480,10,2351
F19998#F142,56,84,141,0,480,10,2380
F19998#F141,51,84,137,0,480,10,2381
F19998#F140,54,39,94,0,480,10,2382
F19998#F139,51,38,90,0,480,10,2386
F19998#F137,53,36,90,0,480,10,2387
F19998#F136,51,40,91,0,480,10,2393
F19998#F135,52,34,88,0,480,10,2399
F19998#F134,56,35,92,0,480,10,2413
F19998#F133,50,35,87,0,480,10,2414
F19998#F132,49,37,87,0,480,10,2416
F19998#F131,50,39,90,0,480,10,2418
F19998#F130,52,35,88,0,480,10,2419
F19998#F129,48,83,132,0,480,10,2423
F19998#F128,55,37,93,0,480,10,2451
F19998#F127,50,34,86,0,480,10,2479
F19998#F126,52,34,87,0,480,10,2486
F19998#F125,47,35,83,0,480,10,2498
F19998#F124,49,40,90,0,480,10,2507
F19998#F123,67,36,104,0,480,10,2509
F19998#F122,53,37,91,0,480,10,2526
F19998#F121,53,37,91,0,480,10,2528
F19998#F120,49,83,133,0,480,10,2556
F19998#F119,61,39,101,0,480,10,2566
F19998#F118,51,35,88,0,480,10,2568
F19998#F117,54,38,92,0,480,10,2658
F19998#F116,53,35,89,0,480,10,2664
F19998#F115,87,84,172,0,480,10,2670
F19998#F114,62,71,134,0,480,10,2673
F19998#F113,61,82,144,0,480,10,2683
F19998#F112,55,83,139,0,480,10,2686
F19998#F111,54,35,91,0,480,10,2687
F19998#F110,58,88,146,0,480,10,2688
F19998#F109,50,42,93,0,480,10,2716
F19998#F108,55,37,93,0,480,10,2723
F19998#F107,50,85,136,0,480,10,2732
F19998#F106,58,46,105,0,480,10,2740
F19998#F105,56,37,93,0,480,10,2764
F19998#F104,58,38,97,0,480,10,2767
F19998#F103,45,35,81,0,480,10,2773
F19998#F102,47,75,123,0,480,10,2822
F19998#F101,50,36,87,0,480,10,2837
F19998#F100,46,81,128,0,480,10,2846
F19998#F99,48,35,84,0,480,10,2849
F19998#F98,49,37,87,0,480,10,2850
F19998#F97,48,32,81,0,480,10,2873
F19998#F96,50,38,89,0,480,10,2895
F19998#F95,52,37,90,0,480,10,2915
F19998#F94,67,38,106,0,480,10,2920
F19998#F93,51,38,90,0,480,10,2929
F19998#F92,94,40,134,0,480,10,2936
F19998#F91,52,87,139,0,480,10,2937
F19998#F90,54,36,91,0,480,10,2954
F19998#F89,49,45,95,0,480,10,2978
F19998#F88,50,41,92,0,480,10,3015
F19998#F87,48,39,88,0,480,10,3032
F19998#F86,49,35,85,0,480,10,3131
F19998#F85,62,41,104,0,480,10,3148
F19998#F84,67,53,121,0,480,10,3187
F19998#F83,58,46,105,0,480,10,3196
F19998#F81,102,40,143,0,480,10,3233
F19998#F80,56,49,105,0,480,10,3253
F19998#F79,63,43,107,0,480,10,3266
F19998#F78,70,40,112,0,480,10,3272
F19998#F77,57,40,98,0,480,10,3280
F19998#F76,56,44,101,0,480,10,3283
F19998#F75,65,40,106,0,480,10,3284
F19998#F74,55,44,100,0,480,10,3343
F19998#F73,51,37,90,0,480,10,3361
F19998#F72,56,39,97,0,480,10,3372
F19998#F71,56,38,94,0,480,10,3380
F19998#F70,95,41,137,0,480,10,3391
F19998#F69,59,84,144,0,480,10,3412
F19998#F68,61,46,107,0,480,10,3414
F19998#F67,51,45,97,0,480,10,3576
F19998#F66,52,44,97,0,480,10,3591
F19998#F65,61,39,100,0,480,10,3693
F19998#F64,57,44,102,0,480,10,3713
F19998#F63,55,35,92,0,480,10,3728
F19998#F62,57,39,97,0,480,10,3736
F19998#F61,59,86,146,0,480,10,3767
F19998#F60,68,41,110,0,480,10,3788
F19998#F59,59,97,158,0,480,10,3803
F19998#F58,63,88,152,0,480,10,3806
F19998#F57,58,55,114,0,480,10,3822
F19998#F56,59,82,142,0,480,10,3833
F19998#F55,55,75,131,0,480,10,4181
F19998#F54,56,42,99,0,480,10,4189
F19998#F53,73,39,113,0,480,10,4231
F19998#F52,56,41,97,0,480,10,4343
F19998#F51,89,43,134,0,480,10,4401
F19998#F50,56,45,102,0,480,10,4417
F19998#F49,58,41,100,0,480,10,4441
F19998#F48,55,35,90,0,480,10,4606
F19998#F47,59,38,98,0,480,10,4742
F19998#F46,56,41,99,0,480,10,4745
F19998#F45,55,89,144,0,480,10,4961
F19998#F44,51,42,94,0,480,10,4989
F19998#F43,51,37,89,0,480,10,4993
F19998#F42,57,44,101,0,480,10,5003
F19998#F41,71,43,115,0,480,10,5034
F19998#F40,49,41,91,0,480,10,5123
F19998#F39,55,43,99,0,480,10,5242
F19998#F38,59,39,98,0,480,10,5349
F19998#F37,54,38,93,0,480,10,5624
F19998#F36,61,91,153,0,480,10,5629
F19998#F35,53,42,97,0,480,10,6108
F19998#F34,54,45,100,0,480,10,6391
F19998#F33,59,39,100,0,480,10,6972
F19998#F32,58,87,147,0,480,10,7133
F19998#F31,60,37,98,0,480,10,7478
F19998#F30,60,85,146,0,480,10,7746
F19998#F29,64,42,107,0,480,10,7963
F19998#F28,97,40,137,0,480,10,8011
F19998#F27,57,40,98,0,480,10,8114
F19998#F26,63,38,102,0,480,10,8183
F19998#F25,54,36,90,0,480,10,8204
F19998#F24,57,36,94,0,480,10,8548
F19998#F23,96,40,137,0,480,10,8580
F19998#F22,54,93,148,0,480,10,8695
F19998#F21,52,48,102,0,480,10,8828
F19998#F20,56,41,98,0,480,10,8927
F19998#F19,54,81,136,0,480,10,8951
F19998#F18,57,39,97,0,480,10,9726
F19998#F17,55,38,95,0,480,10,10177
F19998#F16,58,79,138,0,480,10,11164
F19998#F15,59,46,105,0,480,10,12500
F19998#F14,51,36,88,0,480,10,13088
F19998#F13,55,86,142,0,480,10,14248
F19998#F12,62,43,107,0,480,10,14281
F19998#F11,60,37,98,0,480,10,14737
F19998#F10,59,43,103,0,480,10,15008
F19998#F9,63,43,107,0,480,10,15755
F19998#F8,57,76,134,0,480,10,16775
F19998#F7,54,39,94,0,480,10,17385
F19998#F6,55,87,143,0,480,10,18028
F19998#F5,57,35,93,0,480,10,18722
F19998#F4,53,39,93,0,480,10,19257
F19998#F3,57,37,95,0,480,10,21878
F19998#F2,62,86,149,0,480,10,22582
F19998#F1,91,85,176,0,480,10,25228
F19998#F0,56,41,97,0,480,10,26946
