keyword,clientTime,serverTime,totalTime,resultLength,payloadSize,w1,w2
F19998#F0,222,149,374,0,480,10,26946
F16238#F0,309,210,521,0,1776,37,26946
F16235#F0,217,119,338,0,1824,38,26946
F16214#F0,220,151,373,0,1872,39,26946
F16208#F0,220,154,376,0,1920,40,26946
F16184#F0,170,111,282,0,1968,41,26946
F16130#F0,167,160,328,0,2016,42,26946
F16090#F0,184,100,286,0,2064,43,26946
F16023#F0,143,101,246,0,2112,44,26946
F15924#F0,139,100,241,0,2160,45,26946
F15885#F0,158,107,268,0,2208,46,26946
F15849#F0,151,92,244,0,2256,47,26946
F15747#F0,136,92,229,0,2304,48,26946
F15700#F0,149,95,246,0,2352,49,26946
F15569#F0,146,124,272,0,2400,50,26946
F15547#F0,148,99,249,0,2448,51,26946
F15477#F0,154,101,257,0,2496,52,26946
F15415#F0,158,103,263,0,2544,53,26946
F15343#F0,170,94,266,0,2592,54,26946
F15199#F0,187,101,290,0,2640,55,26946
F15114#F0,154,94,249,0,2688,56,26946
F15029#F0,156,100,258,0,2736,57,26946
F15003#F0,179,107,287,0,2784,58,26946
F14877#F0,156,99,256,0,2832,59,26946
F14805#F0,170,105,277,0,2880,60,26946
F14736#F0,200,110,311,0,2928,61,26946
F14645#F0,170,106,278,0,2976,62,26946
F14621#F0,190,113,304,0,3024,63,26946
F14498#F0,177,97,277,0,3072,64,26946
F14396#F0,177,107,285,0,3120,65,26946
F14377#F0,182,107,290,0,3168,66,26946
F14270#F0,175,107,284,0,3216,67,26946
F14173#F0,171,102,274,0,3264,68,26946
F14061#F0,183,123,308,0,3312,69,26946
F13990#F0,191,158,351,0,3360,70,26946
F13973#F0,200,114,315,0,3408,71,26946
F13834#F0,222,170,394,0,3456,72,26946
F13757#F0,196,114,311,0,3504,73,26946
F13740#F0,202,118,322,0,3552,74,26946
F13640#F0,220,122,343,0,3600,75,26946
F13574#F0,226,116,344,0,3648,76,26946
F13494#F0,200,122,323,0,3696,77,26946
F13434#F0,227,172,401,0,3744,78,26946
F13361#F0,203,161,365,0,3792,79,26946
F13313#F0,210,124,335,0,3840,80,26946
F13182#F0,209,112,322,0,3888,81,26946
F13093#F0,212,113,327,0,3936,82,26946
F13082#F0,208,122,332,0,3984,83,26946
F13005#F0,222,115,339,0,4032,84,26946
F12930#F0,208,115,325,0,4080,85,26946
F12893#F0,218,172,392,0,4128,86,26946
F12810#F0,220,166,388,0,4176,87,26946
F12745#F0,227,121,349,0,4224,88,26946
F12626#F0,238,171,409,0,4272,89,26946
F12547#F0,232,126,360,0,4320,90,26946
F12523#F0,233,125,359,0,4368,91,26946
F12401#F0,228,170,400,0,4416,92,26946
F12337#F0,252,169,422,0,4464,93,26946
F12284#F0,253,169,423,0,4512,94,26946
F12231#F0,244,132,377,0,4560,95,26946
F12103#F0,252,182,435,0,4608,96,26946
F12020#F0,243,124,368,0,4656,97,26946
F11994#F0,231,188,420,0,4704,98,26946
F11907#F0,259,131,391,0,4752,99,26946
F11843#F0,250,133,385,0,4800,100,26946
F11784#F0,247,126,376,0,4848,101,26946
F11768#F0,238,131,371,0,4896,102,26946
F11701#F0,238,132,372,0,4944,103,26946
F11646#F0,263,180,445,0,4992,104,26946
F11583#F0,263,178,442,0,5040,105,26946
F11512#F0,250,140,392,0,5088,106,26946
F11426#F0,281,142,425,0,5136,107,26946
F11379#F0,260,145,410,0,5184,108,26946
F11334#F0,271,145,417,0,5232,109,26946
F11220#F0,284,152,438,0,5280,110,26946
F11134#F0,280,164,446,0,5328,111,26946
F11048#F0,267,155,424,0,5376,112,26946
F11011#F0,274,198,473,0,5424,113,26946
F10940#F0,267,188,456,0,5472,114,26946
F10916#F0,272,192,466,0,5520,115,26946
F10815#F0,275,133,409,0,5568,116,26946
F10780#F0,283,183,468,0,5616,117,26946
F10738#F0,291,142,435,0,5664,118,26946
F10630#F0,282,146,429,0,5712,119,26946
F10622#F0,286,141,428,0,5760,120,26946
F10552#F0,287,135,424,0,5808,121,26946
F10454#F0,289,205,495,0,5856,122,26946
F10413#F0,293,150,444,0,5904,123,26946
F10362#F0,294,159,455,0,5952,124,26946
F10306#F0,292,200,494,0,6000,125,26946
F10226#F0,290,203,495,0,6048,126,26946
F10177#F0,302,150,454,0,6096,127,26946
F10108#F0,310,143,455,0,6144,128,26946
F10044#F0,304,148,454,0,6192,129,26946
F10035#F0,300,154,456,0,6240,130,26946
F9978#F0,304,152,458,0,6288,131,26946
F9916#F0,308,153,463,0,6336,132,26946
F9872#F0,310,150,462,0,6384,133,26946
F9779#F0,315,207,524,0,6432,134,26946
F9774#F0,313,146,461,0,6480,135,26946
F9692#F0,330,145,477,0,6528,136,26946
F9644#F0,338,157,497,0,6576,137,26946
F9570#F0,318,156,476,0,6624,138,26946
F9522#F0,346,178,525,0,6672,139,26946
F9501#F0,343,162,506,0,6720,140,26946
F9411#F0,355,165,521,0,6768,141,26946
F9379#F0,332,157,490,0,6816,142,26946
F9330#F0,345,164,511,0,6864,143,26946
F9283#F0,319,163,484,0,6912,144,26946
F9252#F0,339,153,493,0,6960,145,26946
F9204#F0,330,211,542,0,7008,146,26946
F9126#F0,321,214,537,0,7056,147,26946
F9093#F0,344,207,552,0,7104,148,26946
F9029#F0,335,170,507,0,7152,149,26946
F8952#F0,347,167,517,0,7200,150,26946
F8913#F0,350,172,523,0,7248,151,26946
F8877#F0,357,219,578,0,7296,152,26946
F8831#F0,353,163,519,0,7344,153,26946
F8798#F0,351,166,519,0,7392,154,26946
F8754#F0,352,169,523,0,7440,155,26946
F8716#F0,356,172,529,0,7488,156,26946
F8648#F0,368,221,591,0,7536,157,26946
F8637#F0,369,171,541,0,7584,158,26946
F8593#F0,385,175,565,0,7632,159,26946
F8536#F0,369,1033,1404,0,7680,160,26946
F8501#F0,361,206,569,0,7728,161,26946
F8435#F0,389,192,583,0,7776,162,26946
F8407#F0,380,229,611,0,7824,163,26946
F8312#F0,383,229,614,0,7872,164,26946
F8251#F0,375,228,605,0,7920,165,26946
F8226#F0,376,190,567,0,7968,166,26946
F8185#F0,386,229,617,0,8016,167,26946
F8157#F0,393,194,589,0,8064,168,26946
F8081#F0,410,184,596,0,8112,169,26946
F8066#F0,394,220,616,0,8160,170,26946
F8026#F0,406,253,660,0,8208,171,26946
F7966#F0,553,251,806,0,8256,172,26946
F7911#F0,400,192,594,0,8304,173,26946
F7888#F0,415,238,655,0,8352,174,26946
F7847#F0,399,185,587,0,8400,175,26946
F7811#F0,418,202,622,0,8448,176,26946
F7747#F0,411,269,682,0,8496,177,26946
F7737#F0,419,193,614,0,8544,178,26946
F7681#F0,430,240,672,0,8592,179,26946
F7667#F0,425,230,657,0,8640,180,26946
F7595#F0,419,188,609,0,8688,181,26946
F7556#F0,417,197,616,0,8736,182,26946
F7515#F0,430,190,623,0,8784,183,26946
F7474#F0,417,188,607,0,8832,184,26946
F7446#F0,395,241,639,0,8880,185,26946
F7393#F0,396,204,602,0,8928,186,26946
F7352#F0,413,230,646,0,8976,187,26946
F7344#F0,411,190,603,0,9024,188,26946
F7302#F0,423,237,663,0,9072,189,26946
F7261#F0,416,195,612,0,9120,190,26946
F7230#F0,436,206,643,0,9168,191,26946
F7189#F0,434,207,643,0,9216,192,26946
F7172#F0,414,194,610,0,9264,193,26946
F7136#F0,414,237,654,0,9312,194,26946
F7074#F0,420,200,622,0,9360,195,26946
F7021#F0,420,197,619,0,9408,196,26946
F7007#F0,400,249,651,0,9456,197,26946
F6947#F0,448,253,703,0,9504,198,26946
F6930#F0,422,261,685,0,9552,199,26946
F6882#F0,423,249,674,0,9600,200,26946
F6853#F0,430,204,636,0,9648,201,26946
F6826#F0,437,199,639,0,9696,202,26946
F6766#F0,440,257,698,0,9744,203,26946
F6717#F0,452,200,653,0,9792,204,26946
F6701#F0,448,223,672,0,9840,205,26946
F6657#F0,448,256,707,0,9888,206,26946
F6623#F0,447,207,655,0,9936,207,26946
F6588#F0,438,205,645,0,9984,208,26946
F6550#F0,445,250,697,0,10032,209,26946
F6510#F0,455,206,663,0,10080,210,26946
F6480#F0,462,215,679,0,10128,211,26946
F6449#F0,469,207,677,0,10176,212,26946
F6415#F0,472,210,684,0,10224,213,26946
F6398#F0,450,214,666,0,10272,214,26946
F6355#F0,459,206,666,0,10320,215,26946
F6330#F0,471,220,692,0,10368,216,26946
F6276#F0,461,204,668,0,10416,217,26946
F6256#F0,474,209,685,0,10464,218,26946
F6231#F0,468,276,745,0,10512,219,26946
F6210#F0,477,273,752,0,10560,220,26946
F6176#F0,479,208,689,0,10608,221,26946
F6158#F0,493,219,714,0,10656,222,26946
F6106#F0,504,276,783,0,10704,223,26946
F6070#F0,522,245,770,0,10752,224,26946
F6064#F0,514,240,756,0,10800,225,26946
F6019#F0,517,223,743,0,10848,226,26946
F5972#F0,526,298,826,0,10896,227,26946
F5940#F0,534,221,756,0,10944,228,26946
F5923#F0,524,224,750,0,10992,229,26946
F5908#F0,512,219,734,0,11040,230,26946
F5876#F0,524,233,760,0,11088,231,26946
F5857#F0,534,275,811,0,11136,232,26946
F5835#F0,490,240,732,0,11184,233,26946
F5783#F0,512,274,788,0,11232,234,26946
F5774#F0,501,268,771,0,11280,235,26946
F5736#F0,517,245,766,0,11328,236,26946
F5706#F0,520,251,774,0,11376,237,26946
F5679#F0,524,307,832,0,11424,238,26946
F5642#F0,514,284,800,0,11472,239,26946
F5615#F0,509,233,744,0,11520,240,26946
F5600#F0,502,234,738,0,11568,241,26946
F5583#F0,508,240,750,0,11616,242,26946
F5565#F0,534,286,822,0,11664,243,26946
F5538#F0,513,231,746,0,11712,244,26946
F5503#F0,518,279,798,0,11760,245,26946
F5485#F0,513,236,750,0,11808,246,26946
F5473#F0,542,254,798,0,11856,247,26946
F5444#F0,544,265,811,0,11904,248,26946
F5401#F0,531,244,777,0,11952,249,26946
F5391#F0,523,237,762,0,12000,250,26946
F5362#F0,516,282,801,0,12048,251,26946
F5349#F0,543,290,835,0,12096,252,26946
F5321#F0,549,247,798,0,12144,253,26946
F5285#F0,538,241,781,0,12192,254,26946
F5269#F0,538,297,837,0,12240,255,26946
F5254#F0,542,254,798,0,12288,256,26946
F5230#F0,557,295,853,0,12336,257,26946
F5200#F0,559,252,813,0,12384,258,26946
F5183#F0,542,244,789,0,12432,259,26946
F5164#F0,547,239,789,0,12480,260,26946
F5149#F0,558,252,812,0,12528,261,26946
F5112#F0,572,298,872,0,12576,262,26946
F5095#F0,581,294,876,0,12624,263,26946
F5086#F0,566,256,824,0,12672,264,26946
F5050#F0,550,249,802,0,12720,265,26946
F5029#F0,561,244,806,0,12768,266,26946
F5010#F0,581,291,874,0,12816,267,26946
F4998#F0,567,269,838,0,12864,268,26946
F4985#F0,573,302,877,0,12912,269,26946
F4954#F0,568,252,822,0,12960,270,26946
F4920#F0,550,267,819,0,13008,271,26946
F4917#F0,578,263,843,0,13056,272,26946
F4872#F0,564,263,829,0,13104,273,26946
F4867#F0,602,255,859,0,13152,274,26946
F4842#F0,583,251,836,0,13200,275,26946
F4822#F0,574,259,835,0,13248,276,26946
F4798#F0,579,253,833,0,13296,277,26946
F4775#F0,632,268,902,0,13344,278,26946
F4759#F0,589,271,862,0,13392,279,26946
F4739#F0,615,269,886,0,13440,280,26946
F4709#F0,627,310,939,0,13488,281,26946
F4684#F0,640,315,956,0,13536,282,26946
F4670#F0,631,318,950,0,13584,283,26946
F4656#F0,605,272,879,0,13632,284,26946
F4634#F0,585,258,846,0,13680,285,26946
F4628#F0,582,266,851,0,13728,286,26946
F4614#F0,587,317,906,0,13776,287,26946
F4578#F0,607,274,884,0,13824,288,26946
F4561#F0,586,275,864,0,13872,289,26946
F4545#F0,605,274,881,0,13920,290,26946
F4536#F0,583,269,854,0,13968,291,26946
F4524#F0,584,272,858,0,14016,292,26946
F4510#F0,616,313,931,0,14064,293,26946
F4479#F0,603,268,873,0,14112,294,26946
F4450#F0,592,323,917,0,14160,295,26946
F4436#F0,598,319,919,0,14208,296,26946
F4426#F0,615,278,895,0,14256,297,26946
F4397#F0,641,281,924,0,14304,298,26946
F4392#F0,621,331,954,0,14352,299,26946
F4368#F0,596,330,929,0,14400,300,26946
F4345#F0,623,324,949,0,14448,301,26946
F4337#F0,635,348,984,0,14496,302,26946
F4317#F0,633,361,996,0,14544,303,26946
F4310#F0,658,391,1051,0,14592,304,26946
F4289#F0,657,294,954,0,14640,305,26946
F4261#F0,660,333,995,0,14688,306,26946
F4243#F0,666,310,978,0,14736,307,26946
F4221#F0,627,336,965,0,14784,308,26946
F4200#F0,672,346,1020,0,14832,309,26946
F4175#F0,691,294,987,0,14880,310,26946
F4167#F0,663,287,952,0,14928,311,26946
F4148#F0,690,284,977,0,14976,312,26946
F4125#F0,634,289,925,0,15024,313,26946
F4104#F0,701,280,983,0,15072,314,26946
F4094#F0,665,335,1002,0,15120,315,26946
F4075#F0,756,287,1046,0,15168,316,26946
F4062#F0,665,285,952,0,15216,317,26946
F4046#F0,673,306,981,0,15264,318,26946
F4023#F0,715,344,1062,0,15312,319,26946
F4016#F0,711,287,1000,0,15360,320,26946
F3990#F0,718,298,1018,0,15408,321,26946
F3978#F0,755,301,1058,0,15456,322,26946
F3960#F0,734,297,1034,0,15504,323,26946
F3940#F0,702,297,1001,0,15552,324,26946
F3925#F0,715,382,1099,0,15600,325,26946
F3909#F0,687,302,991,0,15648,326,26946
F3897#F0,702,310,1014,0,15696,327,26946
F3878#F0,706,300,1008,0,15744,328,26946
F3877#F0,745,293,1041,0,15792,329,26946
F3856#F0,736,304,1042,0,15840,330,26946
F3840#F0,717,305,1024,0,15888,331,26946
F3829#F0,708,304,1014,0,15936,332,26946
F3824#F0,743,304,1050,0,15984,333,26946
F3799#F0,703,306,1012,0,16032,334,26946
F3790#F0,735,310,1047,0,16080,335,26946
F3770#F0,750,323,1076,0,16128,336,26946
F3748#F0,778,352,1132,0,16176,337,26946
F3742#F0,774,330,1107,0,16224,338,26946
F3729#F0,795,328,1125,0,16272,339,26946
F3702#F0,764,369,1135,0,16320,340,26946
F3688#F0,779,301,1085,0,16368,341,26946
F3680#F0,742,366,1110,0,16416,342,26946
F3654#F0,711,373,1086,0,16464,343,26946
F3643#F0,710,364,1076,0,16512,344,26946
F3631#F0,744,357,1104,0,16560,345,26946
F3620#F0,738,363,1104,0,16608,346,26946
F3604#F0,744,421,1167,0,16656,347,26946
F3589#F0,719,317,1038,0,16704,348,26946
F3582#F0,711,325,1038,0,16752,349,26946
F3566#F0,710,315,1028,0,16800,350,26946
F3546#F0,750,316,1068,0,16848,351,26946
F3533#F0,743,319,1064,0,16896,352,26946
F3518#F0,808,325,1136,0,16944,353,26946
F3513#F0,798,316,1117,0,16992,354,26946
F3499#F0,754,319,1075,0,17040,355,26946
F3483#F0,741,396,1140,0,17088,356,26946
F3478#F0,747,323,1072,0,17136,357,26946
F3460#F0,775,321,1098,0,17184,358,26946
F3448#F0,733,366,1101,0,17232,359,26946
F3428#F0,752,324,1078,0,17280,360,26946
F3411#F0,716,324,1043,0,17328,361,26946
F3398#F0,735,324,1061,0,17376,362,26946
F3391#F0,722,323,1048,0,17424,363,26946
F3374#F0,754,326,1083,0,17472,364,26946
F3361#F0,761,369,1132,0,17520,365,26946
F3353#F0,741,329,1072,0,17568,366,26946
F3334#F0,720,339,1061,0,17616,367,26946
F3322#F0,736,341,1080,0,17664,368,26946
F3318#F0,762,335,1099,0,17712,369,26946
F3297#F0,755,378,1136,0,17760,370,26946
F3292#F0,792,338,1132,0,17808,371,26946
F3281#F0,734,320,1056,0,17856,372,26946
F3271#F0,753,334,1090,0,17904,373,26946
F3252#F0,799,332,1133,0,17952,374,26946
F3238#F0,781,385,1169,0,18000,375,26946
F3231#F0,784,389,1175,0,18048,376,26946
F3225#F0,762,342,1105,0,18096,377,26946
F3197#F0,800,339,1141,0,18144,378,26946
F3189#F0,783,334,1120,0,18192,379,26946
F3178#F0,780,388,1174,0,18240,380,26946
F3161#F0,818,368,1188,0,18288,381,26946
F3155#F0,824,388,1214,0,18336,382,26946
F3145#F0,800,347,1150,0,18384,383,26946
F3141#F0,789,359,1151,0,18432,384,26946
F3122#F0,808,390,1201,0,18480,385,26946
F3117#F0,801,387,1191,0,18528,386,26946
F3104#F0,823,390,1216,0,18576,387,26946
F3102#F0,831,341,1175,0,18624,388,26946
F3092#F0,798,356,1156,0,18672,389,26946
F3076#F0,801,398,1202,0,18720,390,26946
F3071#F0,799,397,1198,0,18768,391,26946
F3055#F0,814,349,1165,0,18816,392,26946
F3038#F0,811,353,1166,0,18864,393,26946
F3032#F0,831,351,1184,0,18912,394,26946
F3018#F0,857,392,1251,0,18960,395,26946
F3010#F0,894,447,1344,0,19008,396,26946
F3001#F0,895,385,1282,0,19056,397,26946
F2998#F0,882,369,1253,0,19104,398,26946
F2985#F0,912,392,1306,0,19152,399,26946
F2980#F0,892,353,1247,0,19200,400,26946
F2961#F0,865,359,1227,0,19248,401,26946
F2949#F0,898,374,1274,0,19296,402,26946
F2945#F0,889,360,1252,0,19344,403,26946
F2924#F0,868,356,1226,0,19392,404,26946
F2912#F0,909,370,1281,0,19440,405,26946
F2901#F0,860,390,1252,0,19488,406,26946
F2895#F0,851,451,1305,0,19536,407,26946
F2886#F0,866,360,1228,0,19584,408,26946
F2871#F0,829,366,1198,0,19632,409,26946
F2862#F0,839,363,1204,0,19680,410,26946
F2851#F0,821,360,1183,0,19728,411,26946
F2837#F0,840,362,1204,0,19776,412,26946
F2836#F0,824,363,1190,0,19824,413,26946
F2808#F0,849,368,1220,0,19872,414,26946
F2794#F0,834,365,1202,0,19920,415,26946
F2783#F0,845,374,1222,0,19968,416,26946
F2770#F0,853,366,1222,0,20016,417,26946
F2763#F0,875,422,1299,0,20064,418,26946
F2749#F0,885,370,1258,0,20112,419,26946
F2744#F0,860,370,1233,0,20160,420,26946
F2736#F0,875,376,1253,0,20208,421,26946
F2731#F0,882,369,1254,0,20256,422,26946
F2725#F0,923,374,1300,0,20304,423,26946
F2719#F0,863,368,1233,0,20352,424,26946
F2704#F0,869,375,1246,0,20400,425,26946
F2696#F0,911,462,1375,0,20448,426,26946
F2681#F0,846,422,1270,0,20496,427,26946
F2680#F0,875,374,1251,0,20544,428,26946
F2671#F0,891,397,1291,0,20592,429,26946
F2652#F0,936,378,1317,0,20640,430,26946
F2637#F0,946,377,1326,0,20688,431,26946
F2634#F0,912,383,1297,0,20736,432,26946
F2621#F0,903,398,1303,0,20784,433,26946
F2609#F0,892,425,1320,0,20832,434,26946
F2605#F0,898,425,1326,0,20880,435,26946
F2594#F0,861,453,1316,0,20928,436,26946
F2591#F0,911,2399,3312,0,20976,437,26946
F2580#F0,903,386,1292,0,21024,438,26946
F2576#F0,886,383,1272,0,21072,439,26946
F2568#F0,888,385,1277,0,21120,440,26946
F2563#F0,896,394,1293,0,21168,441,26946
F2554#F0,911,443,1357,0,21216,442,26946
F2548#F0,958,441,1401,0,21264,443,26946
F2546#F0,968,452,1427,0,21312,444,26946
F2526#F0,926,448,1376,0,21360,445,26946
F2520#F0,918,390,1311,0,21408,446,26946
F2514#F0,924,399,1326,0,21456,447,26946
F2504#F0,913,451,1367,0,21504,448,26946
F2493#F0,921,395,1318,0,21552,449,26946
F2482#F0,922,391,1316,0,21600,450,26946
F2463#F0,920,441,1364,0,21648,451,26946
F2457#F0,953,399,1355,0,21696,452,26946
F2448#F0,971,397,1371,0,21744,453,26946
F2445#F0,947,451,1401,0,21792,454,26946
F2440#F0,969,448,1420,0,21840,455,26946
F2426#F0,953,405,1360,0,21888,456,26946
F2416#F0,948,397,1347,0,21936,457,26946
F2411#F0,947,433,1382,0,21984,458,26946
F2403#F0,1007,520,1529,0,22032,459,26946
F2399#F0,987,406,1395,0,22080,460,26946
F2394#F0,994,430,1427,0,22128,461,26946
F2381#F0,989,464,1456,0,22176,462,26946
F2373#F0,998,465,1465,0,22224,463,26946
F2366#F0,1001,440,1444,0,22272,464,26946
F2357#F0,1011,455,1468,0,22320,465,26946
F2345#F0,1068,418,1489,0,22368,466,26946
F2335#F0,989,405,1396,0,22416,467,26946
F2333#F0,1013,410,1425,0,22464,468,26946
F2326#F0,1013,413,1428,0,22512,469,26946
F2319#F0,996,419,1417,0,22560,470,26946
F2312#F0,1012,412,1427,0,22608,471,26946
F2305#F0,959,420,1381,0,22656,472,26946
F2303#F0,1022,411,1435,0,22704,473,26946
F2297#F0,985,461,1448,0,22752,474,26946
F2294#F0,1069,409,1481,0,22800,475,26946
F2284#F0,1068,466,1537,0,22848,476,26946
F2278#F0,1110,415,1528,0,22896,477,26946
F2271#F0,1043,413,1457,0,22944,478,26946
F2263#F0,987,417,1406,0,22992,479,26946
F2251#F0,1045,463,1511,0,23040,480,26946
F2244#F0,1029,420,1453,0,23088,481,26946
F2238#F0,1007,417,1427,0,23136,482,26946
F2227#F0,1055,429,1486,0,23184,483,26946
F2221#F0,1003,468,1474,0,23232,484,26946
F2215#F0,1002,421,1425,0,23280,485,26946
F2209#F0,1022,426,1451,0,23328,486,26946
F2202#F0,1017,425,1444,0,23376,487,26946
F2199#F0,1034,505,1541,0,23424,488,26946
F2185#F0,1007,440,1450,0,23472,489,26946
F2180#F0,1057,520,1579,0,23520,490,26946
F2172#F0,1047,483,1533,0,23568,491,26946
F2165#F0,1048,471,1521,0,23616,492,26946
F2158#F0,1074,589,1666,0,23664,493,26946
F2149#F0,1090,502,1596,0,23712,494,26946
F2139#F0,1029,573,1604,0,23760,495,26946
F2135#F0,1014,438,1456,0,23808,496,26946
F2130#F0,997,471,1471,0,23856,497,26946
F2120#F0,1011,428,1442,0,23904,498,26946
F2118#F0,983,441,1426,0,23952,499,26946
F2109#F0,1030,427,1460,0,24000,500,26946
F2099#F0,1015,439,1457,0,24048,501,26946
F2095#F0,1010,438,1451,0,24096,502,26946
F2085#F0,986,484,1473,0,24144,503,26946
F2081#F0,998,513,1513,0,24192,504,26946
F2073#F0,1072,515,1589,0,24240,505,26946
F2067#F0,995,550,1547,0,24288,506,26946
F2052#F0,1009,541,1552,0,24336,507,26946
F2048#F0,1030,436,1469,0,24384,508,26946
F2039#F0,1026,437,1465,0,24432,509,26946
F2037#F0,1001,440,1444,0,24480,510,26946
F2026#F0,1011,439,1453,0,24528,511,26946
F2023#F0,1002,537,1542,0,24576,512,26946
F2013#F0,1112,590,1705,0,24624,513,26946
F2010#F0,1049,547,1598,0,24672,514,26946
F2005#F0,1038,539,1579,0,24720,515,26946
F1998#F0,1103,480,1586,0,24768,516,26946
F1997#F0,1087,545,1635,0,24816,517,26946
F1989#F0,1025,509,1537,0,24864,518,26946
F1980#F0,1050,489,1542,0,24912,519,26946
F1979#F0,1056,518,1578,0,24960,520,26946
F1972#F0,1016,452,1471,0,25008,521,26946
F1970#F0,1065,450,1519,0,25056,522,26946
F1967#F0,1053,495,1551,0,25104,523,26946
F1959#F0,1036,522,1561,0,25152,524,26946
F1955#F0,1027,457,1486,0,25200,525,26946
F1951#F0,1083,488,1574,0,25248,526,26946
F1946#F0,1044,449,1496,0,25296,527,26946
F1943#F0,1067,450,1519,0,25344,528,26946
F1940#F0,1058,462,1523,0,25392,529,26946
F1930#F0,1067,447,1517,0,25440,530,26946
F1921#F0,1053,472,1529,0,25488,531,26946
F1914#F0,1079,498,1581,0,25536,532,26946
F1906#F0,1104,496,1602,0,25584,533,26946
F1902#F0,1138,550,1690,0,25632,534,26946
F1897#F0,1094,500,1597,0,25680,535,26946
F1894#F0,1106,520,1629,0,25728,536,26946
F1889#F0,1140,596,1738,0,25776,537,26946
F1883#F0,1198,479,1680,0,25824,538,26946
F1881#F0,1162,529,1694,0,25872,539,26946
F1877#F0,1123,550,1676,0,25920,540,26946
F1870#F0,1105,556,1663,0,25968,541,26946
F1863#F0,1067,471,1541,0,26016,542,26946
F1860#F0,1177,528,1708,0,26064,543,26946
F1855#F0,1130,472,1605,0,26112,544,26946
F1851#F0,1103,474,1580,0,26160,545,26946
F1848#F0,1112,503,1618,0,26208,546,26946
F1836#F0,1134,463,1600,0,26256,547,26946
F1833#F0,1174,526,1703,0,26304,548,26946
F1830#F0,1225,531,1759,0,26352,549,26946
F1827#F0,1184,481,1668,0,26400,550,26946
F1820#F0,1181,478,1662,0,26448,551,26946
F1812#F0,1173,515,1691,0,26496,552,26946
F1809#F0,1170,470,1643,0,26544,553,26946
F1804#F0,1152,477,1633,0,26592,554,26946
F1801#F0,1189,480,1672,0,26640,555,26946
F1792#F0,1176,520,1698,0,26688,556,26946
F1788#F0,1139,480,1621,0,26736,557,26946
F1783#F0,1176,477,1655,0,26784,558,26946
F1780#F0,1133,477,1614,0,26832,559,26946
F1776#F0,1168,477,1649,0,26880,560,26946
F1775#F0,1129,473,1606,0,26928,561,26946
F1772#F0,1110,471,1585,0,26976,562,26946
F1765#F0,1151,499,1653,0,27024,563,26946
F1762#F0,1093,535,1630,0,27072,564,26946
F1756#F0,1182,519,1703,0,27120,565,26946
F1748#F0,1132,485,1620,0,27168,566,26946
F1744#F0,1150,516,1669,0,27216,567,26946
F1740#F0,1137,486,1625,0,27264,568,26946
F1737#F0,1136,485,1624,0,27312,569,26946
F1733#F0,1160,484,1648,0,27360,570,26946
F1731#F0,1192,490,1685,0,27408,571,26946
F1729#F0,1163,479,1644,0,27456,572,26946
F1719#F0,1156,485,1643,0,27504,573,26946
F1710#F0,1141,537,1682,0,27552,574,26946
F1708#F0,1201,486,1690,0,27600,575,26946
F1704#F0,1179,483,1665,0,27648,576,26946
F1699#F0,1172,493,1667,0,27696,577,26946
F1697#F0,1190,491,1684,0,27744,578,26946
F1693#F0,1244,543,1790,0,27792,579,26946
F1687#F0,1211,501,1715,0,27840,580,26946
F1682#F0,1175,503,1681,0,27888,581,26946
F1678#F0,1218,510,1731,0,27936,582,26946
F1671#F0,4015,1793,5811,0,27984,583,26946
F1662#F0,3056,2711,5770,0,28032,584,26946
F1658#F0,3036,1770,4810,0,28080,585,26946
F1652#F0,2923,2876,5803,0,28128,586,26946
F1648#F0,2565,2318,4887,0,28176,587,26946
F1640#F0,2712,3073,5790,0,28224,588,26946
F1638#F0,3262,2887,6153,0,28272,589,26946
F1637#F0,3626,2702,6333,0,28320,590,26946
F1636#F0,2560,1638,4202,0,28368,591,26946
F1633#F0,1837,912,2754,0,28416,592,26946
F1625#F0,1790,694,2491,0,28464,593,26946
F1622#F0,2176,1145,3328,0,28512,594,26946
F1616#F0,2233,858,3096,0,28560,595,26946
F1612#F0,1847,1145,2997,0,28608,596,26946
F1608#F0,2532,1705,4241,0,28656,597,26946
F1606#F0,2370,1665,4039,0,28704,598,26946
F1602#F0,2098,1583,3686,0,28752,599,26946
F1600#F0,2250,1927,4181,0,28800,600,26946
F1597#F0,2096,1627,3728,0,28848,601,26946
F1589#F0,2192,1749,3945,0,28896,602,26946
F1584#F0,2207,1789,4001,0,28944,603,26946
F1580#F0,2005,1710,3720,0,28992,604,26946
F1576#F0,2159,1747,3911,0,29040,605,26946
F1573#F0,2188,1726,3919,0,29088,606,26946
F1570#F0,2185,1937,4126,0,29136,607,26946
F1565#F0,2056,1758,3819,0,29184,608,26946
F1560#F0,2337,1917,4259,0,29232,609,26946
F1555#F0,2164,2027,4195,0,29280,610,26946
F1549#F0,2236,1736,3978,0,29328,611,26946
F1548#F0,2101,1813,3917,0,29376,612,26946
F1545#F0,2201,1699,3906,0,29424,613,26946
F1541#F0,2069,1661,3734,0,29472,614,26946
F1537#F0,2269,1769,4042,0,29520,615,26946
F1535#F0,2072,1877,3954,0,29568,616,26946
F1528#F0,2401,1942,4347,0,29616,617,26946
F1519#F0,2017,1741,3763,0,29664,618,26946
F1517#F0,2096,1734,3833,0,29712,619,26946
F1513#F0,2287,1864,4156,0,29760,620,26946
F1509#F0,2141,1874,4020,0,29808,621,26946
F1505#F0,2211,1852,4068,0,29856,622,26946
F1500#F0,2330,1994,4330,0,29904,623,26946
F1498#F0,3084,1417,4506,0,29952,624,26946
F1495#F0,2697,1572,4273,0,30000,625,26946
F1494#F0,2459,1529,3993,0,30048,626,26946
F1485#F0,2317,1949,4270,0,30096,627,26946
F1482#F0,2053,1655,3712,0,30144,628,26946
F1481#F0,2323,1867,4193,0,30192,629,26946
F1472#F0,2363,1976,4344,0,30240,630,26946
F1468#F0,2383,1780,4168,0,30336,632,26946
F1467#F0,2115,1805,3925,0,30384,633,26946
F1464#F0,2222,1900,4127,0,30432,634,26946
F1458#F0,2254,1840,4097,0,30480,635,26946
F1455#F0,2182,1896,4083,0,30528,636,26946
F1449#F0,2135,1701,3842,0,30576,637,26946
F1447#F0,2199,1836,4039,0,30624,638,26946
F1441#F0,2151,1870,4025,0,30672,639,26946
F1437#F0,2128,1267,3400,0,30720,640,26946
F1434#F0,2249,1736,3990,0,30768,641,26946
F1428#F0,2307,1782,4094,0,30816,642,26946
F1424#F0,2123,1353,3480,0,30864,643,26946
F1420#F0,2281,980,3268,0,30912,644,26946
F1417#F0,3682,1147,4835,0,30960,645,26946
F1416#F0,3188,2889,6088,0,31008,646,26946
F1413#F0,5754,1189,6952,0,31056,647,26946
F1411#F0,2673,1109,3788,0,31104,648,26946
F1399#F0,2026,1094,3124,0,31152,649,26946
F1394#F0,2506,626,3136,0,31200,650,26946
F1386#F0,1670,682,2355,0,31248,651,26946
F1384#F0,2992,867,3862,0,31296,652,26946
F1379#F0,2058,717,2778,0,31344,653,26946
F1376#F0,1464,794,2262,0,31392,654,26946
F1372#F0,1598,821,2422,0,31440,655,26946
F1367#F0,1583,831,2417,0,31488,656,26946
F1365#F0,1582,906,2491,0,31536,657,26946
F1359#F0,1278,707,1989,0,31584,658,26946
F1355#F0,1200,631,1834,0,31632,659,26946
F1354#F0,1914,861,2778,0,31728,661,26946
F1347#F0,1562,1116,2681,0,31776,662,26946
F1345#F0,1323,684,2011,0,31824,663,26946
F1340#F0,1579,662,2246,0,31872,664,26946
F1339#F0,1187,900,2090,0,31920,665,26946
F1336#F0,3859,641,4503,0,31968,666,26946
F1335#F0,1321,643,1967,0,32016,667,26946
F1331#F0,1337,655,1996,0,32064,668,26946
F1326#F0,1495,2007,3505,0,32112,669,26946
F1325#F0,1476,635,2113,0,32208,671,26946
F1318#F0,1199,668,1870,0,32256,672,26946
F1315#F0,1727,704,2439,0,32352,674,26946
F1309#F0,1402,673,2077,0,32400,675,26946
F1306#F0,1165,678,1845,0,32448,676,26946
F1303#F0,1137,603,1743,0,32496,677,26946
F1299#F0,1910,727,2640,0,32544,678,26946
F1291#F0,1477,634,2117,0,32592,679,26946
F1289#F0,1149,661,1814,0,32640,680,26946
F1287#F0,1120,690,1814,0,32688,681,26946
F1286#F0,3519,2082,5605,0,32736,682,26946
F1284#F0,1571,705,2279,0,32784,683,26946
F1283#F0,1387,627,2018,0,32832,684,26946
F1277#F0,5345,720,6067,0,32880,685,26946
F1274#F0,1440,732,2176,0,32928,686,26946
F1272#F0,1546,709,2257,0,32976,687,26946
F1269#F0,1538,769,2309,0,33024,688,26946
F1266#F0,4029,749,4782,0,33072,689,26946
F1264#F0,1426,858,2286,0,33120,690,26946
F1262#F0,1431,643,2078,0,33168,691,26946
F1260#F0,1476,672,2151,0,33216,692,26946
F1256#F0,1438,679,2121,0,33264,693,26946
F1252#F0,1360,628,1991,0,33312,694,26946
F1250#F0,1157,707,1867,0,33360,695,26946
F1247#F0,1180,697,1880,0,33408,696,26946
F1241#F0,1306,703,2012,0,33456,697,26946
F1240#F0,1147,620,1769,0,33504,698,26946
F1238#F0,1142,630,1776,0,33552,699,26946
F1233#F0,1270,751,2024,0,33648,701,26946
F1230#F0,2284,697,2985,0,33696,702,26946
F1228#F0,2572,722,3297,0,33744,703,26946
F1225#F0,1313,625,1941,0,33792,704,26946
F1224#F0,1109,613,1726,0,33888,706,26946
F1223#F0,1086,671,1760,0,33936,707,26946
F1215#F0,1108,634,1745,0,33984,708,26946
F1210#F0,1112,638,1754,0,34032,709,26946
F1206#F0,1130,619,1753,0,34080,710,26946
F1205#F0,1140,630,1775,0,34128,711,26946
F1201#F0,1142,677,1824,0,34176,712,26946
F1200#F0,1200,697,1900,0,34224,713,26946
F1197#F0,1164,644,1811,0,34272,714,26946
F1194#F0,1191,652,1846,0,34320,715,26946
F1193#F0,1448,678,2129,0,34368,716,26946
F1186#F0,1421,654,2079,0,34416,717,26946
F1184#F0,1405,668,2077,0,34464,718,26946
F1180#F0,1518,644,2167,0,34512,719,26946
F1179#F0,1409,655,2066,0,34560,720,26946
F1177#F0,1488,633,2124,0,34608,721,26946
F1176#F0,1645,634,2282,0,34656,722,26946
F1172#F0,1562,672,2237,0,34704,723,26946
F1170#F0,1771,677,2451,0,34752,724,26946
F1167#F0,1676,631,2311,0,34800,725,26946
F1166#F0,1488,633,2125,0,34848,726,26946
F1160#F0,1328,679,2011,0,34896,727,26946
F1156#F0,1371,687,2061,0,34944,728,26946
F1153#F0,1370,726,2099,0,34992,729,26946
F1151#F0,1306,669,1978,0,35040,730,26946
F1142#F0,1450,696,2148,0,35136,732,26946
F1137#F0,1606,681,2289,0,35184,733,26946
F1136#F0,1339,678,2025,0,35232,734,26946
F1135#F0,1561,682,2247,0,35280,735,26946
F1132#F0,1363,684,2050,0,35328,736,26946
F1128#F0,1433,689,2124,0,35376,737,26946
F1123#F0,1968,721,2693,0,35424,738,26946
F1121#F0,1480,679,2164,0,35472,739,26946
F1120#F0,1407,672,2082,0,35520,740,26946
F1118#F0,1354,661,2019,0,35568,741,26946
F1116#F0,1453,639,2095,0,35616,742,26946
F1113#F0,1379,679,2061,0,35664,743,26946
F1111#F0,1316,715,2035,0,35712,744,26946
F1108#F0,1485,769,2257,0,35760,745,26946
F1102#F0,1672,683,2359,0,35808,746,26946
F1099#F0,1475,659,2139,0,35904,748,26946
F1096#F0,1484,668,2156,0,35952,749,26946
F1094#F0,1548,668,2220,0,36000,750,26946
F1092#F0,1370,651,2025,0,36048,751,26946
F1089#F0,1221,702,1926,0,36096,752,26946
F1088#F0,1397,731,2132,0,36144,753,26946
F1085#F0,1425,675,2103,0,36192,754,26946
F1081#F0,1408,669,2080,0,36240,755,26946
F1078#F0,1210,667,1881,0,36288,756,26946
F1075#F0,1603,750,2356,0,36336,757,26946
F1073#F0,1666,661,2330,0,36384,758,26946
F1069#F0,1300,735,2038,0,36432,759,26946
F1063#F0,1375,731,2108,0,36480,760,26946
F1061#F0,1400,684,2088,0,36528,761,26946
F1059#F0,1455,687,2145,0,36576,762,26946
F1058#F0,1701,739,2443,0,36624,763,26946
F1057#F0,1554,706,2263,0,36672,764,26946
F1056#F0,1642,750,2396,0,36720,765,26946
F1050#F0,1612,713,2328,0,36768,766,26946
F1047#F0,1585,735,2323,0,36816,767,26946
F1044#F0,1553,693,2250,0,36864,768,26946
F1043#F0,1301,682,1987,0,36912,769,26946
F1039#F0,1315,702,2021,0,36960,770,26946
F1037#F0,1267,685,1955,0,37008,771,26946
F1032#F0,1277,728,2009,0,37056,772,26946
F1029#F0,1296,676,1975,0,37104,773,26946
F1027#F0,1669,704,2377,0,37152,774,26946
F1022#F0,1698,715,2416,0,37200,775,26946
F1020#F0,1835,708,2548,0,37248,776,26946
F1017#F0,1797,729,2529,0,37296,777,26946
F1015#F0,11088,884,11975,0,37344,778,26946
F1012#F0,1560,731,2294,0,37392,779,26946
F1008#F0,1584,706,2293,0,37440,780,26946
F1006#F0,1664,763,2429,0,37488,781,26946
F1004#F0,1723,752,2477,0,37536,782,26946
F1002#F0,1979,696,2679,0,37584,783,26946
F998#F0,1713,705,2421,0,37632,784,26946
F996#F0,1713,1583,3299,0,37680,785,26946
F995#F0,1549,675,2228,0,37728,786,26946
F991#F0,1652,677,2333,0,37776,787,26946
F990#F0,1698,677,2378,0,37824,788,26946
F984#F0,1775,761,2539,0,37872,789,26946
F982#F0,1764,713,2480,0,37920,790,26946
F981#F0,1758,727,2488,0,37968,791,26946
F979#F0,1657,830,2490,0,38016,792,26946
F976#F0,1627,3685,5315,0,38064,793,26946
F973#F0,5174,771,5950,0,38112,794,26946
F971#F0,2900,767,3669,0,38208,796,26946
F968#F0,2980,707,3691,0,38256,797,26946
F967#F0,1825,729,2558,0,38304,798,26946
F966#F0,1731,721,2455,0,38352,799,26946
F963#F0,1759,778,2540,0,38448,801,26946
F962#F0,2094,731,2829,0,38496,802,26946
F961#F0,1684,695,2382,0,38544,803,26946
F958#F0,1807,716,2526,0,38592,804,26946
F957#F0,1782,722,2508,0,38640,805,26946
F953#F0,1768,745,2517,0,38688,806,26946
F947#F0,1825,730,2558,0,38736,807,26946
F944#F0,1824,805,2633,0,38784,808,26946
F942#F0,1613,710,2326,0,38832,809,26946
F939#F0,1339,758,2101,0,38880,810,26946
F937#F0,1356,774,2134,0,38928,811,26946
F935#F0,1471,747,2221,0,38976,812,26946
F932#F0,1683,729,2415,0,39024,813,26946
F928#F0,1719,776,2499,0,39072,814,26946
F925#F0,1729,731,2464,0,39120,815,26946
F924#F0,1704,739,2447,0,39168,816,26946
F923#F0,1729,743,2476,0,39216,817,26946
F921#F0,1777,751,2532,0,39264,818,26946
F919#F0,15149,852,16003,0,39312,819,26946
F918#F0,1636,767,2407,0,39360,820,26946
F916#F0,1756,773,2532,0,39456,822,26946
F910#F0,1933,749,2686,0,39504,823,26946
F907#F0,1788,737,2529,0,39600,825,26946
F906#F0,2107,756,2868,0,39648,826,26946
F902#F0,1800,869,2672,0,39696,827,26946
F900#F0,1781,779,2564,0,39744,828,26946
F897#F0,1782,803,2587,0,39792,829,26946
F894#F0,1994,753,2751,0,39888,831,26946
F893#F0,1912,741,2657,0,39936,832,26946
F891#F0,2006,786,2796,0,39984,833,26946
F889#F0,1800,750,2554,0,40080,835,26946
F888#F0,1946,757,2706,0,40128,836,26946
F887#F0,15542,742,16288,0,40224,838,26946
F884#F0,1968,750,2723,0,40272,839,26946
F881#F0,1913,762,2678,0,40368,841,26946
F873#F0,1884,797,2684,0,40416,842,26946
F869#F0,2587,744,3334,0,40464,843,26946
F866#F0,1777,802,2582,0,40512,844,26946
F864#F0,1842,823,2668,0,40560,845,26946
F863#F0,1809,756,2569,0,40608,846,26946
F861#F0,1930,774,2708,0,40656,847,26946
F858#F0,1846,769,2618,0,40752,849,26946
F853#F0,1798,988,2789,0,40800,850,26946
F852#F0,1939,766,2709,0,40848,851,26946
F851#F0,1929,772,2704,0,40896,852,26946
F850#F0,1786,820,2610,0,40944,853,26946
F845#F0,13205,788,13997,0,40992,854,26946
F844#F0,1804,803,2610,0,41040,855,26946
F843#F0,1906,774,2684,0,41184,858,26946
F842#F0,4539,760,5304,0,41232,859,26946
F840#F0,1733,771,2507,0,41280,860,26946
F839#F0,1769,772,2544,0,41376,862,26946
F838#F0,1889,774,2666,0,41424,863,26946
F835#F0,1852,835,2690,0,41472,864,26946
F832#F0,19734,769,20507,0,41520,865,26946
F830#F0,1759,861,2624,0,41568,866,26946
F829#F0,1888,792,2685,0,41616,867,26946
F827#F0,2062,785,2852,0,41664,868,26946
F825#F0,1912,818,2734,0,41712,869,26946
F823#F0,1876,773,2653,0,41760,870,26946
F822#F0,1685,768,2456,0,41808,871,26946
F820#F0,1698,782,2482,0,41856,872,26946
F819#F0,1781,775,2558,0,41904,873,26946
F818#F0,1805,785,2594,0,41952,874,26946
F814#F0,1926,789,2718,0,42000,875,26946
F813#F0,1826,814,2643,0,42048,876,26946
F812#F0,1833,787,2624,0,42096,877,26946
F807#F0,1898,798,2700,0,42144,878,26946
F806#F0,1872,876,2751,0,42192,879,26946
F805#F0,2022,855,2882,0,42240,880,26946
F803#F0,2019,919,2941,0,42288,881,26946
F801#F0,1998,861,2861,0,42336,882,26946
F798#F0,10246,946,11196,0,42384,883,26946
F796#F0,1868,840,2711,0,42432,884,26946
F795#F0,1933,894,2830,0,42480,885,26946
F793#F0,1900,954,2857,0,42528,886,26946
F792#F0,2005,862,2871,0,42576,887,26946
F789#F0,1902,881,2786,0,42624,888,26946
F788#F0,1948,886,2837,0,42720,890,26946
F786#F0,2027,937,2968,0,42768,891,26946
F785#F0,2076,834,2914,0,42816,892,26946
F783#F0,2039,913,2955,0,42864,893,26946
F782#F0,1966,906,2876,0,42912,894,26946
F781#F0,2000,930,2933,0,42960,895,26946
F777#F0,1890,1304,3197,0,43008,896,26946
F775#F0,2236,964,3204,0,43056,897,26946
F772#F0,2041,1130,3175,0,43104,898,26946
F771#F0,14023,791,14818,0,43152,899,26946
F770#F0,1878,857,2738,0,43200,900,26946
F769#F0,1988,848,2840,0,43248,901,26946
F765#F0,1960,806,2770,0,43296,902,26946
F764#F0,1945,800,2749,0,43344,903,26946
F760#F0,1944,800,2748,0,43392,904,26946
F756#F0,1778,859,2640,0,43488,906,26946
F752#F0,1903,843,2749,0,43584,908,26946
F751#F0,1896,773,2672,0,43632,909,26946
F749#F0,2209,858,3070,0,43680,910,26946
F747#F0,1875,858,2737,0,43728,911,26946
F745#F0,2059,826,2888,0,43776,912,26946
F742#F0,2001,861,2865,0,43824,913,26946
F740#F0,2108,834,2947,0,43872,914,26946
F735#F0,2005,955,2963,0,43920,915,26946
F734#F0,2077,1140,3221,0,44016,917,26946
F731#F0,1935,903,2841,0,44064,918,26946
F730#F0,2119,898,3021,0,44160,920,26946
F728#F0,2022,865,2891,0,44256,922,26946
F727#F0,10338,875,11216,0,44304,923,26946
F726#F0,1897,814,2715,0,44352,924,26946
F725#F0,2084,888,2976,0,44448,926,26946
F722#F0,2022,898,2924,0,44496,927,26946
F721#F0,1962,825,2790,0,44640,930,26946
F720#F0,1927,832,2763,0,44736,932,26946
F719#F0,1941,830,2774,0,44880,935,26946
F716#F0,1890,819,2714,0,44928,936,26946
F715#F0,1886,808,2697,0,44976,937,26946
F714#F0,2486,841,3331,0,45024,938,26946
F713#F0,2089,946,3038,0,45072,939,26946
F709#F0,2244,1060,3308,0,45120,940,26946
F707#F0,2178,1004,3185,0,45168,941,26946
F704#F0,2175,1035,3212,0,45216,942,26946
F700#F0,2480,979,3462,0,45312,944,26946
F698#F0,2135,896,3035,0,45360,945,26946
F697#F0,1997,861,2862,0,45504,948,26946
F693#F0,2010,855,2867,0,45600,950,26946
F692#F0,2202,859,3065,0,45744,953,26946
F691#F0,2143,869,3017,0,45792,954,26946
F690#F0,2048,868,2920,0,45840,955,26946
F686#F0,2237,864,3104,0,45888,956,26946
F684#F0,1987,864,2854,0,45984,958,26946
F682#F0,2175,820,2999,0,46032,959,26946
F679#F0,2283,863,3151,0,46080,960,26946
F678#F0,2029,862,2895,0,46128,961,26946
F677#F0,2230,886,3120,0,46176,962,26946
F674#F0,2218,885,3106,0,46224,963,26946
F671#F0,1986,861,2851,0,46320,965,26946
F668#F0,1976,825,2805,0,46416,967,26946
F666#F0,2120,896,3021,0,46512,969,26946
F664#F0,2281,863,3148,0,46560,970,26946
F663#F0,2094,930,3028,0,46608,971,26946
F662#F0,2109,883,2997,0,46656,972,26946
F661#F0,2045,882,2931,0,46704,973,26946
F660#F0,2107,928,3039,0,46752,974,26946
F659#F0,2033,884,2921,0,46800,975,26946
F658#F0,2005,993,3000,0,46848,976,26946
F657#F0,2214,958,3176,0,46944,978,26946
F655#F0,2077,876,2958,0,46992,979,26946
F654#F0,2214,897,3115,0,47136,982,26946
F653#F0,2000,946,2949,0,47184,983,26946
F652#F0,2071,883,2957,0,47232,984,26946
F651#F0,2068,889,2961,0,47280,985,26946
F650#F0,2069,916,2989,0,47376,987,26946
F649#F0,1885,850,2747,0,47424,988,26946
F647#F0,2333,1310,3646,0,47472,989,26946
F645#F0,2147,904,3055,0,47520,990,26946
F644#F0,2115,911,3031,0,47568,991,26946
F642#F0,2073,944,3021,0,47616,992,26946
F641#F0,2008,883,2894,0,47664,993,26946
F638#F0,2625,881,3511,0,47712,994,26946
F637#F0,2134,928,3065,0,47760,995,26946
F635#F0,2154,898,3056,0,47808,996,26946
F633#F0,2125,894,3024,0,47856,997,26946
F632#F0,2150,905,3060,0,47904,998,26946
F630#F0,2309,928,3241,0,47952,999,26946
F629#F0,2141,888,3032,0,48000,1000,26946
F627#F0,2249,958,3212,0,48048,1001,26946
F624#F0,2195,918,3116,0,48096,1002,26946
F622#F0,2247,1045,3295,0,48192,1004,26946
F619#F0,2558,900,3463,0,48240,1005,26946
F616#F0,2181,901,3085,0,48288,1006,26946
F615#F0,2274,905,3183,0,48336,1007,26946
F613#F0,2160,944,3108,0,48384,1008,26946
F612#F0,2104,906,3015,0,48528,1011,26946
F611#F0,2014,875,2893,0,48576,1012,26946
F609#F0,2192,925,3121,0,48624,1013,26946
F607#F0,2116,950,3069,0,48720,1015,26946
F604#F0,2017,910,2930,0,48768,1016,26946
F603#F0,2021,1025,3049,0,48816,1017,26946
F602#F0,1997,910,2911,0,48864,1018,26946
F599#F0,2084,938,3028,0,48960,1020,26946
F598#F0,2337,918,3259,0,49056,1022,26946
F597#F0,2244,935,3183,0,49104,1023,26946
F595#F0,2286,1115,3404,0,49152,1024,26946
F594#F0,2202,925,3131,0,49296,1027,26946
F592#F0,2179,966,3149,0,49344,1028,26946
F591#F0,2195,927,3126,0,49392,1029,26946
F590#F0,2286,945,3234,0,49488,1031,26946
F588#F0,2427,1120,3550,0,49536,1032,26946
F587#F0,2378,944,3326,0,49584,1033,26946
F586#F0,2245,926,3175,0,49632,1034,26946
F585#F0,2208,923,3136,0,49728,1036,26946
F584#F0,2232,943,3179,0,49776,1037,26946
F583#F0,2117,997,3127,0,49824,1038,26946
F582#F0,2285,1156,3444,0,49920,1040,26946
F580#F0,2133,1043,3179,0,49968,1041,26946
F578#F0,2041,1044,3089,0,50016,1042,26946
F576#F0,2037,941,2982,0,50112,1044,26946
F574#F0,2222,933,3159,0,50160,1045,26946
F572#F0,2160,893,3057,0,50256,1047,26946
F571#F0,2410,944,3358,0,50304,1048,26946
F570#F0,2107,934,3046,0,50352,1049,26946
F569#F0,2199,966,3170,0,50400,1050,26946
F568#F0,2280,950,3234,0,50448,1051,26946
F564#F0,2233,950,3187,0,50496,1052,26946
F563#F0,2225,1180,3407,0,50592,1054,26946
F560#F0,2225,971,3200,0,50640,1055,26946
F557#F0,2284,958,3245,0,50688,1056,26946
F554#F0,2265,987,3256,0,50736,1057,26946
F553#F0,2255,957,3216,0,50784,1058,26946
F552#F0,2483,966,3453,0,50880,1060,26946
F551#F0,2302,981,3286,0,51072,1064,26946
F549#F0,2360,976,3340,0,51168,1066,26946
F548#F0,2209,1003,3216,0,51216,1067,26946
F545#F0,2454,1095,3552,0,51264,1068,26946
F544#F0,2267,1038,3309,0,51312,1069,26946
F542#F0,2427,1042,3475,0,51360,1070,26946
F539#F0,2492,994,3490,0,51408,1071,26946
F538#F0,2532,1069,3605,0,51456,1072,26946
F536#F0,2794,1082,3881,0,51552,1074,26946
F534#F0,2553,1088,3646,0,51600,1075,26946
F533#F0,2438,1106,3547,0,51744,1078,26946
F531#F0,2495,1204,3702,0,51840,1080,26946
F529#F0,2569,1086,3659,0,51888,1081,26946
F525#F0,2530,1115,3649,0,51936,1082,26946
F524#F0,2377,1144,3525,0,51984,1083,26946
F523#F0,2542,1110,3657,0,52080,1085,26946
F522#F0,2648,1137,3789,0,52128,1086,26946
F521#F0,2556,1141,3701,0,52224,1088,26946
F520#F0,2403,1130,3536,0,52272,1089,26946
F519#F0,2419,1114,3538,0,52320,1090,26946
F518#F0,2546,1049,3599,0,52416,1092,26946
F517#F0,2596,1105,3704,0,52560,1095,26946
F516#F0,2625,1050,3680,0,52704,1098,26946
F515#F0,2673,1083,3759,0,52752,1099,26946
F514#F0,2621,1059,3684,0,52800,1100,26946
F513#F0,2601,1107,3712,0,52848,1101,26946
F512#F0,2602,1142,3748,0,52896,1102,26946
F510#F0,2468,1321,3792,0,52944,1103,26946
F508#F0,2568,1394,3967,0,52992,1104,26946
F506#F0,2442,1094,3541,0,53136,1107,26946
F505#F0,2374,1221,3598,0,53184,1108,26946
F503#F0,2511,1200,3714,0,53232,1109,26946
F502#F0,2248,995,3249,0,53376,1112,26946
F501#F0,2515,978,3497,0,53472,1114,26946
F500#F0,2408,1000,3413,0,53664,1118,26946
F499#F0,2460,1035,3499,0,53712,1119,26946
F498#F0,2229,1051,3285,0,54048,1126,26946
F496#F0,2252,1079,3334,0,54096,1127,26946
F495#F0,2731,1304,4038,0,54144,1128,26946
F494#F0,2375,1190,3569,0,54192,1129,26946
F491#F0,2577,1006,3588,0,54240,1130,26946
F490#F0,2355,1004,3364,0,54288,1131,26946
F489#F0,2365,1021,3390,0,54336,1132,26946
F488#F0,2563,1091,3657,0,54432,1134,26946
F487#F0,2477,1486,3966,0,54624,1138,26946
F486#F0,2527,1160,3690,0,54672,1139,26946
F485#F0,2238,1089,3331,0,54768,1141,26946
F483#F0,2293,1012,3310,0,54816,1142,26946
F481#F0,2421,1022,3446,0,54864,1143,26946
F480#F0,2623,1034,3662,0,54912,1144,26946
F479#F0,2367,1032,3403,0,54960,1145,26946
F478#F0,2459,1046,3509,0,55008,1146,26946
F477#F0,2524,1036,3564,0,55152,1149,26946
F476#F0,2444,1025,3472,0,55200,1150,26946
F473#F0,2396,1038,3438,0,55248,1151,26946
F472#F0,2443,1042,3496,0,55440,1155,26946
F471#F0,2378,1087,3469,0,55536,1157,26946
F469#F0,2477,1049,3530,0,55584,1158,26946
F466#F0,2491,1047,3542,0,55632,1159,26946
F465#F0,2365,1066,3434,0,55680,1160,26946
F464#F0,2498,1242,3744,0,55824,1163,26946
F463#F0,2526,1108,3639,0,55872,1164,26946
F462#F0,2600,1128,3731,0,55968,1166,26946
F460#F0,2848,1061,3914,0,56112,1169,26946
F458#F0,2458,1034,3497,0,56160,1170,26946
F457#F0,2572,1053,3629,0,56256,1172,26946
F456#F0,2589,1051,3644,0,56304,1173,26946
F455#F0,2570,1070,3645,0,56352,1174,26946
F454#F0,2594,1062,3660,0,56448,1176,26946
F453#F0,2478,1178,3660,0,56496,1177,26946
F452#F0,2399,1198,3601,0,56784,1183,26946
F451#F0,2694,1178,3875,0,57024,1188,26946
F448#F0,2596,1071,3672,0,57072,1189,26946
F447#F0,2351,1076,3432,0,57168,1191,26946
F446#F0,2634,1114,3753,0,57216,1192,26946
F444#F0,2593,1113,3709,0,57312,1194,26946
F443#F0,2582,1108,3693,0,57360,1195,26946
F442#F0,2372,1082,3458,0,57456,1197,26946
F441#F0,2411,1099,3515,0,57552,1199,26946
F440#F0,2455,1130,3589,0,57600,1200,26946
F438#F0,2620,1125,3749,0,57696,1202,26946
F437#F0,2330,1145,3480,0,57744,1203,26946
F436#F0,2406,1113,3524,0,57840,1205,26946
F435#F0,2671,1098,3773,0,57984,1208,26946
F434#F0,2648,1097,3750,0,58032,1209,26946
F432#F0,2600,1164,3767,0,58320,1215,26946
F428#F0,2765,1157,3925,0,58368,1216,26946
F426#F0,7404,1195,8604,0,58416,1217,26946
F425#F0,2623,1063,3690,0,58464,1218,26946
F424#F0,83543,111378,194926,0,58560,1220,26946
F423#F0,33130,1098,34234,0,58608,1221,26946
F422#F0,2408,1108,3520,0,58656,1222,26946
F421#F0,2592,1058,3654,0,58704,1223,26946
F420#F0,2594,1263,3861,0,59040,1230,26946
F418#F0,2827,1186,4018,0,59136,1232,26946
F417#F0,2574,1106,3684,0,59232,1234,26946
F416#F0,2514,1121,3638,0,59424,1238,26946
F415#F0,2672,1119,3795,0,59568,1241,26946
F414#F0,2553,1073,3633,0,59664,1243,26946
F413#F0,2588,1112,3707,0,59856,1247,26946
F411#F0,2625,1074,3703,0,59904,1248,26946
F410#F0,2664,1097,3767,0,59952,1249,26946
F409#F0,2688,1174,3867,0,60000,1250,26946
F408#F0,2589,1126,3720,0,60048,1251,26946
F407#F0,2698,1129,3831,0,60144,1253,26946
F406#F0,2759,1103,3867,0,60192,1254,26946
F405#F0,2648,1133,3791,0,60240,1255,26946
F403#F0,2694,1181,3879,0,60288,1256,26946
F400#F0,2624,1243,3871,0,60336,1257,26946
F399#F0,2592,1281,3878,0,60480,1260,26946
F398#F0,2692,1082,3779,0,60768,1266,26946
F396#F0,2498,1082,3585,0,60912,1269,26946
F395#F0,2540,1090,3634,0,61008,1271,26946
F392#F0,2683,1082,3769,0,61056,1272,26946
F391#F0,2577,1133,3714,0,61104,1273,26946
F390#F0,2668,1119,3790,0,61296,1277,26946
F389#F0,2579,1096,3680,0,61344,1278,26946
F388#F0,2566,1092,3662,0,61632,1284,26946
F387#F0,2757,1149,3911,0,61776,1287,26946
F386#F0,2756,1106,3866,0,61872,1289,26946
F385#F0,2849,1155,4010,0,61968,1291,26946
F384#F0,2800,1099,3905,0,62016,1292,26946
F383#F0,2809,1105,3920,0,62064,1293,26946
F382#F0,2717,1108,3830,0,62112,1294,26946
F381#F0,2733,1142,3880,0,62160,1295,26946
F377#F0,3139,1189,4333,0,62256,1297,26946
F376#F0,2669,1101,3775,0,62304,1298,26946
F375#F0,2685,1112,3800,0,62400,1300,26946
F374#F0,2708,1112,3824,0,62592,1304,26946
F373#F0,2717,1118,3838,0,62880,1310,26946
F372#F0,2865,1123,3992,0,63024,1313,26946
F371#F0,2772,1186,3963,0,63072,1314,26946
F370#F0,2748,1120,3872,0,63120,1315,26946
F369#F0,2796,1143,3943,0,63216,1317,26946
F368#F0,2782,1114,3900,0,63312,1319,26946
F366#F0,2700,1124,3828,0,63360,1320,26946
F364#F0,2628,1127,3760,0,63456,1322,26946
F363#F0,2670,1147,3824,0,63504,1323,26946
F362#F0,2873,1232,4110,0,63552,1324,26946
F361#F0,2743,1140,3887,0,63600,1325,26946
F360#F0,2730,1184,3918,0,63792,1329,26946
F359#F0,2745,1183,3932,0,63840,1330,26946
F358#F0,2742,1138,3885,0,63888,1331,26946
F357#F0,2774,1191,3969,0,64032,1334,26946
F356#F0,2671,1145,3821,0,64176,1337,26946
F355#F0,2788,1152,3945,0,64272,1339,26946
F354#F0,2747,1142,3893,0,64416,1342,26946
F353#F0,2674,1165,3842,0,64464,1343,26946
F352#F0,2685,1157,3845,0,64704,1348,26946
F351#F0,2857,1247,4109,0,64992,1354,26946
F350#F0,2825,1179,4008,0,65040,1355,26946
F349#F0,2670,1205,3879,0,65088,1356,26946
F348#F0,2715,1199,3918,0,65184,1358,26946
F347#F0,2818,1176,3998,0,65280,1360,26946
F346#F0,2748,1213,3966,0,65328,1361,26946
F345#F0,3146,1215,4365,0,65424,1363,26946
F344#F0,2695,1178,3877,0,65520,1365,26946
F343#F0,2716,1140,3862,0,65616,1367,26946
F342#F0,2756,1130,3890,0,65664,1368,26946
F341#F0,2846,1163,4013,0,65952,1374,26946
F340#F0,2804,1127,3934,0,66096,1377,26946
F339#F0,2677,1140,3821,0,66192,1379,26946
F338#F0,2792,1183,3980,0,66336,1382,26946
F337#F0,2763,1219,3988,0,66384,1383,26946
F335#F0,2718,1245,3968,0,66480,1385,26946
F334#F0,2779,1185,3968,0,66528,1386,26946
F333#F0,2683,1243,3930,0,66576,1387,26946
F332#F0,2741,1278,4024,0,66624,1388,26946
F331#F0,2755,1157,3919,0,66816,1392,26946
F330#F0,2689,1142,3836,0,66864,1393,26946
F327#F0,2820,1206,4030,0,67440,1405,26946
F326#F0,2956,1159,4120,0,67632,1409,26946
F325#F0,2838,1164,4007,0,67776,1412,26946
F324#F0,2797,1183,3984,0,67968,1416,26946
F323#F0,2777,1201,3983,0,68160,1420,26946
F322#F0,2938,1209,4151,0,68496,1427,26946
F321#F0,2915,1183,4104,0,68784,1433,26946
F320#F0,2924,1179,4108,0,68832,1434,26946
F319#F0,2916,1182,4102,0,69024,1438,26946
F318#F0,2992,1199,4195,0,69216,1442,26946
F317#F0,2887,1193,4086,0,69552,1449,26946
F316#F0,2986,1228,4218,0,70032,1459,26946
F315#F0,2869,1188,4062,0,70080,1460,26946
F314#F0,2822,1200,4025,0,70128,1461,26946
F313#F0,2838,1299,4141,0,70224,1463,26946
F312#F0,2835,1203,4042,0,70272,1464,26946
F311#F0,2866,1218,4091,0,70416,1467,26946
F310#F0,2870,1204,4080,0,70512,1469,26946
F308#F0,2905,1206,4114,0,70704,1473,26946
F306#F0,2945,1218,4169,0,70800,1475,26946
F305#F0,3040,1215,4259,0,71088,1481,26946
F304#F0,3042,1222,4268,0,71664,1493,26946
F303#F0,3067,1253,4324,0,71808,1496,26946
F302#F0,3092,1246,4343,0,72000,1500,26946
F301#F0,2958,1225,4187,0,72336,1507,26946
F298#F0,3013,1303,4321,0,72432,1509,26946
F297#F0,3074,1255,4333,0,72576,1512,26946
F296#F0,3151,1254,4408,0,72816,1517,26946
F295#F0,3101,1240,4345,0,72864,1518,26946
F293#F0,3241,1319,4564,0,72912,1519,26946
F292#F0,3275,1234,4513,0,73056,1522,26946
F291#F0,3240,1257,4501,0,73248,1526,26946
F290#F0,3177,1283,4464,0,73728,1536,26946
F289#F0,3177,1311,4493,0,73776,1537,26946
F288#F0,3049,1268,4321,0,73824,1538,26946
F287#F0,3238,1289,4532,0,73872,1539,26946
F285#F0,3157,1308,4470,0,74160,1545,26946
F284#F0,3102,1277,4384,0,74832,1559,26946
F283#F0,3129,1274,4407,0,74976,1562,26946
F282#F0,3229,1294,4528,0,75024,1563,26946
F281#F0,3235,1373,4612,0,75120,1565,26946
F280#F0,3188,1284,4476,0,75168,1566,26946
F279#F0,3250,1309,4565,0,75216,1567,26946
F278#F0,3362,1318,4686,0,75264,1568,26946
F277#F0,3307,1287,4598,0,75360,1570,26946
F276#F0,3550,1291,4846,0,75504,1573,26946
F275#F0,3448,1289,4742,0,75600,1575,26946
F274#F0,3471,1307,4782,0,75696,1577,26946
F273#F0,3396,1287,4689,0,75792,1579,26946
F272#F0,3289,1313,4606,0,75840,1580,26946
F263#F0,3311,1293,4608,0,76128,1586,26946
F262#F0,3156,1295,4456,0,76656,1597,26946
F261#F0,2970,1310,4284,0,76896,1602,26946
F260#F0,2414,1349,3769,0,77040,1605,26946
F259#F0,2478,1332,3814,0,77184,1608,26946
F258#F0,2407,1374,3786,0,77472,1614,26946
F257#F0,2509,1530,4043,0,77712,1619,26946
F256#F0,2468,1350,3823,0,77856,1622,26946
F255#F0,2413,1343,3761,0,78000,1625,26946
F254#F0,2524,1453,3982,0,78480,1635,26946
F253#F0,2511,1396,3911,0,78624,1638,26946
F252#F0,2427,1361,3792,0,78672,1639,26946
F251#F0,2449,1364,3820,0,78720,1640,26946
F250#F0,2551,1391,3947,0,78912,1644,26946
F249#F0,2501,1363,3868,0,79296,1652,26946
F248#F0,2496,1373,3873,0,79392,1654,26946
F247#F0,2483,1374,3863,0,79440,1655,26946
F246#F0,2554,1379,3939,0,79536,1657,26946
F245#F0,2463,1358,3826,0,79680,1660,26946
F244#F0,2523,1459,3988,0,79824,1663,26946
F243#F0,2502,1387,3893,0,80112,1669,26946
F242#F0,2457,1403,3864,0,80640,1680,26946
F241#F0,2496,1398,3899,0,80736,1682,26946
F240#F0,2558,1401,3965,0,80880,1685,26946
F239#F0,2527,1407,3947,0,81024,1688,26946
F236#F0,2481,1391,3877,0,81120,1690,26946
F235#F0,2585,1485,4076,0,81264,1693,26946
F234#F0,2586,1518,4109,0,81792,1704,26946
F233#F0,2559,1448,4011,0,82032,1709,26946
F231#F0,2592,1421,4018,0,82320,1715,26946
F230#F0,2569,1414,3990,0,82560,1720,26946
F228#F0,2626,1478,4108,0,82608,1721,26946
F226#F0,2592,1426,4024,0,82896,1727,26946
F225#F0,2559,1471,4035,0,83040,1730,26946
F224#F0,2577,1449,4031,0,83280,1735,26946
F223#F0,2623,1449,4077,0,83328,1736,26946
F222#F0,2641,1501,4148,0,83760,1745,26946
F221#F0,2607,1447,4060,0,83904,1748,26946
F220#F0,2633,1462,4099,0,84048,1751,26946
F219#F0,2609,1459,4072,0,84096,1752,26946
F218#F0,2613,1456,4074,0,84336,1757,26946
F217#F0,2655,1451,4112,0,84528,1761,26946
F216#F0,2605,1484,4095,0,84576,1762,26946
F215#F0,2732,1504,4241,0,85488,1781,26946
F214#F0,2688,1493,4187,0,85824,1788,26946
F213#F0,2653,1465,4125,0,86256,1797,26946
F212#F0,2741,1508,4254,0,86496,1802,26946
F211#F0,2825,1552,4382,0,86928,1811,26946
F210#F0,2744,1545,4294,0,87120,1815,26946
F209#F0,2776,1503,4285,0,87216,1817,26946
F208#F0,2765,1526,4296,0,87360,1820,26946
F207#F0,2897,1624,4532,0,87408,1821,26946
F206#F0,2748,1502,4254,0,87984,1833,26946
F205#F0,2782,1519,4305,0,88272,1839,26946
F204#F0,5281,1608,6894,0,88368,1841,26946
F203#F0,5241,4341,9590,0,88512,1844,26946
F202#F0,5144,4006,9158,0,88608,1846,26946
F201#F0,5121,4378,9507,0,88656,1847,26946
F200#F0,5210,2738,7955,0,89472,1864,26946
F199#F0,5476,4099,9582,0,89712,1869,26946
F198#F0,5020,4095,9122,0,90288,1881,26946
F196#F0,5015,4530,9554,0,90384,1883,26946
F194#F0,5396,2777,8180,0,90912,1894,26946
F193#F0,5914,2481,8404,0,91296,1902,26946
F192#F0,6281,2493,8785,0,91824,1913,26946
F191#F0,6411,2412,8833,0,92496,1927,26946
F190#F0,5950,2517,8479,0,92880,1935,26946
F189#F0,5573,2482,8065,0,92928,1936,26946
F188#F0,5605,2916,8531,0,93120,1940,26946
F187#F0,5662,3131,8805,0,93408,1946,26946
F186#F0,5739,3204,8954,0,93504,1948,26946
F185#F0,5545,3252,8809,0,95136,1982,26946
F184#F0,5497,3267,8776,0,95184,1983,26946
F183#F0,5487,3224,8722,0,95424,1988,26946
F182#F0,5308,3274,8593,0,95520,1990,26946
F181#F0,5654,3365,9030,0,95568,1991,26946
F180#F0,5509,3409,8930,0,96192,2004,26946
F179#F0,8926,3133,12069,0,96720,2015,26946
F178#F0,5442,3370,8823,0,96816,2017,26946
F177#F0,5855,3424,9290,0,97248,2026,26946
F176#F0,5612,3410,9032,0,97584,2033,26946
F175#F0,5430,3437,8877,0,97824,2038,26946
F174#F0,5428,6388,11831,0,97920,2040,26946
F172#F0,5678,3412,9101,0,98352,2049,26946
F171#F0,5772,3452,9236,0,98496,2052,26946
F169#F0,5712,3537,9260,0,98880,2060,26946
F168#F0,8511,2867,11390,0,99408,2071,26946
F167#F0,6570,2879,9458,0,99456,2072,26946
F165#F0,5649,3518,9178,0,99600,2075,26946
F164#F0,5855,3016,8881,0,99888,2081,26946
F163#F0,5605,3413,9028,0,101040,2105,26946
F162#F0,7589,2887,10488,0,102288,2131,26946
F161#F0,6307,1985,8298,0,102432,2134,26946
F160#F0,7174,1934,9114,0,104400,2175,26946
F159#F0,8566,2552,11125,0,105264,2193,26946
F158#F0,8654,2504,11165,0,105360,2195,26946
F157#F0,10609,5988,16605,0,105504,2198,26946
F156#F0,9192,1860,11057,0,105792,2204,26946
F155#F0,6717,1905,8629,0,106512,2219,26946
F154#F0,6963,2215,9185,0,107040,2230,26946
F153#F0,15911,3313,19232,0,107184,2233,26946
F152#F0,14678,6640,21325,0,108240,2255,26946
F151#F0,13995,5946,19946,0,108624,2263,26946
F150#F0,21667,2295,23973,0,109440,2280,26946
F149#F0,12070,2026,14104,0,109536,2282,26946
F148#F0,13663,2966,16636,0,109776,2287,26946
F147#F0,17604,2023,19633,0,110256,2297,26946
F146#F0,4749,2070,6825,0,110496,2302,26946
F145#F0,4497,1953,6456,0,110640,2305,26946
F144#F0,4619,2189,6812,0,112656,2347,26946
F143#F0,5096,5487,10588,0,112848,2351,26946
F142#F0,8829,2019,10867,0,114240,2380,26946
F141#F0,13238,1989,15233,0,114288,2381,26946
F140#F0,4711,2092,6809,0,114336,2382,26946
F139#F0,6066,2182,8253,0,114528,2386,26946
F137#F0,7077,2179,9261,0,114576,2387,26946
F136#F0,9761,2492,12260,0,114864,2393,26946
F135#F0,12945,2362,15312,0,115152,2399,26946
F134#F0,7572,2229,9806,0,115824,2413,26946
F133#F0,4462,2066,6533,0,115872,2414,26946
F132#F0,4571,2221,6798,0,115968,2416,26946
F131#F0,5365,2101,7471,0,116064,2418,26946
F130#F0,9428,2304,11737,0,116112,2419,26946
F129#F0,9146,2586,11738,0,116304,2423,26946
F128#F0,7124,2459,9590,0,117648,2451,26946
F127#F0,4925,2181,7112,0,118992,2479,26946
F126#F0,5148,2137,7293,0,119328,2486,26946
F125#F0,5376,2887,8269,0,119904,2498,26946
F124#F0,6427,2236,8671,0,120336,2507,26946
F123#F0,10356,2109,12470,0,120432,2509,26946
F122#F0,7126,2398,9530,0,121248,2526,26946
F121#F0,5063,2160,7231,0,121344,2528,26946
F120#F0,5261,2205,7471,0,122688,2556,26946
F119#F0,6582,2550,9138,0,123168,2566,26946
F118#F0,5613,4087,9706,0,123264,2568,26946
F117#F0,8360,2240,10606,0,127584,2658,26946
F116#F0,5330,2290,7628,0,127872,2664,26946
F115#F0,5259,2229,7494,0,128160,2670,26946
F114#F0,5785,2401,8191,0,128304,2673,26946
F113#F0,6604,2585,9196,0,128784,2683,26946
F112#F0,12864,2315,15186,0,128928,2686,26946
F111#F0,8774,2268,11047,0,128976,2687,26946
F110#F0,7857,2844,10708,0,129024,2688,26946
F109#F0,5262,2258,7529,0,130368,2716,26946
F108#F0,5859,2399,8264,0,130704,2723,26946
F107#F0,7224,2476,9706,0,131136,2732,26946
F106#F0,11793,2627,14426,0,131520,2740,26946
F105#F0,7097,2744,9846,0,132672,2764,26946
F104#F0,7440,2334,9782,0,132816,2767,26946
F103#F0,5911,2299,8216,0,133104,2773,26946
F102#F0,6050,2445,8501,0,135456,2822,26946
F101#F0,7150,2773,9930,0,136176,2837,26946
F100#F0,13300,2501,15808,0,136608,2846,26946
F99#F0,9120,2561,11687,0,136752,2849,26946
F98#F0,8079,2557,10644,0,136800,2850,26946
F97#F0,6708,2698,9413,0,137904,2873,26946
F96#F0,6252,2734,8993,0,138960,2895,26946
F95#F0,6836,2775,9617,0,139920,2915,26946
F94#F0,14129,2499,16636,0,140160,2920,26946
F93#F0,8483,2469,10961,0,140592,2929,26946
F92#F0,7338,2728,10073,0,140928,2936,26946
F91#F0,7115,2719,9841,0,140976,2937,26946
F90#F0,7415,2640,10062,0,141792,2954,26946
F89#F0,8878,2936,11821,0,142944,2978,26946
F88#F0,12179,2567,14752,0,144720,3015,26946
F87#F0,8105,2653,10764,0,145536,3032,26946
F86#F0,7823,2716,10546,0,150288,3131,26946
F85#F0,8334,2685,11029,0,151104,3148,26946
F84#F0,8010,2808,10828,0,152976,3187,26946
F83#F0,9312,2709,12026,0,153408,3196,26946
F81#F0,12989,2999,15994,0,155184,3233,26946
F80#F0,7956,2871,10833,0,156144,3253,26946
F79#F0,8109,2862,10977,0,156768,3266,26946
F78#F0,6741,2909,9657,0,157056,3272,26946
F77#F0,8507,2836,11352,0,157440,3280,26946
F76#F0,10293,2803,13102,0,157584,3283,26946
F75#F0,12791,2970,15768,0,157632,3284,26946
F74#F0,8091,3470,11572,0,160464,3343,26946
F73#F0,8169,3228,11409,0,161328,3361,26946
F72#F0,8019,3015,11041,0,161856,3372,26946
F71#F0,7596,2928,10540,0,162240,3380,26946
F70#F0,19140,2926,22074,0,162768,3391,26946
F69#F0,8978,2987,11972,0,163776,3412,26946
F68#F0,10120,3212,13338,0,163872,3414,26946
F67#F0,8076,3035,11121,0,171648,3576,26946
F66#F0,7940,3064,11014,0,172368,3591,26946
F65#F0,7764,3194,10967,0,177264,3693,26946
F64#F0,8106,3787,11903,0,178224,3713,26946
F63#F0,11701,3316,15024,0,178944,3728,26946
F62#F0,11342,3868,15220,0,179328,3736,26946
F61#F0,9046,3700,12755,0,180816,3767,26946
F60#F0,8748,3283,12039,0,181824,3788,26946
F59#F0,8144,3512,11665,0,182544,3803,26946
F58#F0,9740,3280,13028,0,182688,3806,26946
F57#F0,9253,3262,12525,0,183456,3822,26946
F56#F0,8047,3468,11523,0,183984,3833,26946
F55#F0,9624,3821,13469,0,200688,4181,26946
F54#F0,9184,3639,12838,0,201072,4189,26946
F53#F0,10000,3990,14000,0,203088,4231,26946
F52#F0,10547,3815,14373,0,208464,4343,26946
F51#F0,9144,3850,13003,0,211248,4401,26946
F50#F0,9730,3895,13636,0,212016,4417,26946
F49#F0,9358,3880,13247,0,213168,4441,26946
F48#F0,10201,4060,14275,0,221088,4606,26946
F47#F0,10329,4180,14519,0,227616,4742,26946
F46#F0,10194,4248,14456,0,227760,4745,26946
F45#F0,10949,4397,15357,0,238128,4961,26946
F44#F0,11055,4365,15434,0,239472,4989,26946
F43#F0,10710,4305,15025,0,239664,4993,26946
F42#F0,10288,4390,14690,0,240144,5003,26946
F41#F0,12010,4427,16453,0,241632,5034,26946
F40#F0,11876,4522,16412,0,245904,5123,26946
F39#F0,194484,194978,389478,0,251616,5242,26946
F38#F0,137723,4547,142284,0,256752,5349,26946
F37#F0,10973,4733,15715,0,269952,5624,26946
F36#F0,11040,4791,15850,0,270192,5629,26946
F35#F0,11956,5214,17180,0,293184,6108,26946
F34#F0,14809,5441,20264,0,306768,6391,26946
F33#F0,15181,5937,21130,0,334656,6972,26946
F32#F0,15266,6105,21386,0,342384,7133,26946
F31#F0,15590,6439,22046,0,358944,7478,26946
F30#F0,16616,6633,23264,0,371808,7746,26946
F29#F0,17550,6953,24520,0,382224,7963,26946
F28#F0,17077,6884,23979,0,384528,8011,26946
F27#F0,16579,7052,23645,0,389472,8114,26946
F26#F0,16218,7041,23276,0,392784,8183,26946
F25#F0,17875,7031,24923,0,393792,8204,26946
F24#F0,18378,7427,25819,0,410304,8548,26946
F23#F0,17954,7376,25346,0,411840,8580,26946
F22#F0,18572,7455,26049,0,417360,8695,26946
F21#F0,18810,7579,26408,0,423744,8828,26946
F20#F0,18895,7756,26670,0,428496,8927,26946
F19#F0,18707,7807,26539,0,429648,8951,26946
F18#F0,20997,8478,29496,0,466848,9726,26946
F17#F0,21841,9152,31013,0,488496,10177,26946
F16#F0,22558,10602,33183,0,535872,11164,26946
F15#F0,25413,11031,36468,0,600000,12500,26946
F14#F0,27095,11728,38848,0,628224,13088,26946
F13#F0,30430,12499,42956,0,683904,14248,26946
F12#F0,28763,12552,41350,0,685488,14281,26946
F11#F0,29406,13024,42457,0,707376,14737,26946
F10#F0,30568,13242,43844,0,720384,15008,26946
F9#F0,31736,13770,45539,0,756240,15755,26946
F8#F0,34401,14677,49112,0,805200,16775,26946
F7#F0,34393,14728,49158,0,834480,17385,26946
F6#F0,35716,15421,51171,0,865344,18028,26946
F5#F0,53933,16334,70310,0,898656,18722,26946
F4#F0,52756,24603,77448,0,924336,19257,26946
F3#F0,61665,25759,87559,0,1050144,21878,26946
F2#F0,57429,28024,85567,0,1083936,22582,26946
F1#F0,62338,30763,93225,0,1210944,25228,26946
F0#F0,55838,31867,87843,0,1293408,26946,26946
