keyword,clientTime,serverTime,totalTime,resultLength,w1,w2
F10031#F1438,25,1125056,1125084,1,1,16644
F1021#F1438,40,1670402,1670445,2,2,16644
F10467#F1438,57,1146261,1146320,3,3,16644
F11486#F1438,74,1158560,1158636,4,4,16644
F10068#F1438,80,1098236,1098318,4,5,16644
F10259#F1438,104,1057802,1057908,4,6,16644
F12293#F1438,124,1048107,1048234,7,7,16644
F10311#F1438,134,1051967,1052103,7,8,16644
F13312#F1438,153,1057127,1057283,7,9,16644
F10800#F1438,174,1118095,1118271,7,10,16644
F1308#F1438,198,1116476,1116676,7,11,16644
F10693#F1438,205,1107379,1107586,9,12,16644
F11138#F1438,214,1121435,1121652,7,13,16644
F10159#F1438,260,1478753,1479016,10,14,16644
F11380#F1438,419,1394506,1394929,10,15,16644
F1047#F1438,265,1107274,1107541,9,16,16644
F10072#F1438,280,1152893,1153175,10,17,16644
F10516#F1438,301,1105567,1105870,11,18,16644
F10454#F1438,310,1058019,1058331,14,19,16644
F14280#F1438,326,1036913,1037241,16,20,16644
F10544#F1438,523,1047361,1047887,10,21,16644
F10744#F1438,360,1043544,1043906,15,22,16644
F10374#F1438,366,1096999,1097367,11,23,16644
F1029#F1438,381,1084854,1085236,11,24,16644
F12029#F1438,417,1090965,1091384,14,25,16644
F10595#F1438,446,1273596,1274045,15,26,16644
F10700#F1438,740,1574515,1575258,11,27,16644
F10165#F1438,471,1107560,1108034,19,28,16644
F10922#F1438,441,1089614,1090058,19,29,16644
F10398#F1438,473,1104118,1104593,19,30,16644
F10802#F1438,471,1056523,1056996,13,31,16644
F10166#F1438,500,997271,997773,16,32,16644
F13268#F1438,509,1001166,1001677,17,33,16644
F10043#F1438,515,1002085,1002602,17,34,16644
F11321#F1438,540,1036623,1037166,13,35,16644
F10115#F1438,588,1090858,1091449,20,36,16644
F11053#F1438,580,1087415,1087997,16,37,16644
F11114#F1438,620,1133729,1134352,21,38,16644
F10237#F1438,944,1618927,1619874,13,39,16644
F10942#F1438,649,1168375,1169026,22,40,16644
F10450#F1438,662,1127149,1127813,19,41,16644
F11220#F1438,684,1131368,1132054,18,42,16644
F10055#F1438,681,1153580,1154263,22,43,16644
F10494#F1438,723,1098276,1099001,26,44,16644
F10158#F1438,717,1051157,1051876,18,45,16644
F10205#F1438,738,1047371,1048111,24,46,16644
F10813#F1438,778,1047137,1047918,26,47,16644
F10081#F1438,783,1048403,1049188,25,48,16644
F10014#F1438,792,1100535,1101330,18,49,16644
F10136#F1438,800,1083357,1084159,23,50,16644
F11604#F1438,859,1627081,1627942,22,51,16644
F10195#F1438,844,1130497,1131343,20,52,16644
F10355#F1438,834,1101344,1102179,22,53,16644
F11076#F1438,799,1117101,1117903,19,54,16644
F10378#F1438,879,1130585,1131466,22,55,16644
F10547#F1438,915,1144983,1145901,23,56,16644
F10463#F1438,903,1105478,1106384,27,57,16644
F10020#F1438,925,1050940,1051868,13,58,16644
F10541#F1438,942,1040188,1041133,18,59,16644
F10032#F1438,930,1043204,1044137,25,60,16644
F10178#F1438,951,1039670,1040623,21,61,16644
F10121#F1438,997,1102048,1103047,22,62,16644
F10305#F1438,1004,1628923,1629929,26,63,16644
F10033#F1438,1053,1124638,1125694,25,64,16644
F10143#F1438,1152,1081569,1082723,26,65,16644
F10141#F1438,1000,1088783,1089785,28,66,16644
F10961#F1438,1029,1121211,1122242,27,67,16644
F10873#F1438,1083,1130995,1132080,29,68,16644
F10317#F1438,1084,1152455,1153543,27,69,16644
F10170#F1438,1135,1105065,1106202,29,70,16644
F10636#F1438,1141,1051297,1052441,31,71,16644
F10037#F1438,1121,1047069,1048193,30,72,16644
F1003#F1438,1155,1047652,1048810,26,73,16644
F10691#F1438,1196,1048447,1049645,21,74,16644
F10338#F1438,1209,1667190,1668401,27,75,16644
F1005#F1438,1256,1097257,1098516,23,76,16644
F10152#F1438,1184,1059345,1060533,26,77,16644
F10313#F1438,1181,1115944,1117127,29,78,16644
F10217#F1438,1235,1069634,1070871,24,79,16644
F10437#F1438,1243,1122340,1123586,26,80,16644
F10286#F1438,1284,1124917,1126204,27,81,16644
F1095#F1438,1304,1151129,1152436,16,82,16644
F10380#F1438,1315,1086874,1088192,28,83,16644
F10377#F1438,1331,1053353,1054687,29,84,16644
F10139#F1438,1328,1053563,1054893,32,85,16644
F1153#F1438,1337,1045237,1046577,34,86,16644
F10561#F1438,1413,1488605,1490021,22,87,16644
F10334#F1438,2226,1245834,1248064,29,88,16644
F10298#F1438,1426,1086791,1088219,26,89,16644
F10344#F1438,1392,1047584,1048979,26,90,16644
F10176#F1438,1409,1086977,1088389,27,91,16644
F10096#F1438,1414,1084443,1085859,31,92,16644
F11165#F1438,1425,1084744,1086171,22,93,16644
F11330#F1438,1432,1128298,1129732,36,94,16644
F10737#F1438,1551,1160981,1162534,31,95,16644
F10820#F1438,1506,1110048,1111557,25,96,16644
F10029#F1438,1563,1051742,1053307,32,97,16644
F10099#F1438,1577,1047803,1049383,34,98,16644
F11019#F1438,1578,1467174,1468755,20,99,16644
F10351#F1438,2648,1269195,1271847,25,100,16644
F10140#F1438,1666,1079762,1081431,38,101,16644
F10470#F1438,1623,1109188,1110814,29,102,16644
F10191#F1438,1617,1096318,1097937,19,103,16644
F11069#F1438,1644,1141464,1143111,38,104,16644
F1035#F1438,1603,1103486,1105092,18,105,16644
F10326#F1438,1680,1140184,1141866,29,106,16644
F10061#F1438,1672,1132488,1134162,35,107,16644
F10151#F1438,1698,1155188,1156888,37,108,16644
F10303#F1438,1674,1094417,1096094,31,109,16644
F10235#F1438,1715,1047222,1048940,34,110,16644
F10270#F1438,1738,1458685,1460426,38,111,16644
F10022#F1438,2930,1220010,1222944,34,112,16644
F10319#F1438,1795,1057617,1059415,27,113,16644
F10369#F1438,1869,1107088,1108958,22,114,16644
F10066#F1438,1828,1110752,1112582,30,115,16644
F10161#F1438,1838,1100313,1102154,38,116,16644
F10198#F1438,1875,1120185,1122062,39,117,16644
F10268#F1438,1865,1117880,1119747,42,118,16644
F1028#F1438,1889,1144797,1146688,30,119,16644
F10228#F1438,1864,1146575,1148442,33,120,16644
F11913#F1438,1880,1140698,1142580,36,121,16644
F10088#F1438,1881,1077949,1079832,30,122,16644
F10366#F1438,1956,1441450,1443409,30,123,16644
F10989#F1438,3187,1243754,1246944,35,124,16644
F10069#F1438,2131,1007242,1009375,38,125,16644
F10316#F1438,1983,1067630,1069616,40,126,16644
F10080#F1438,2120,1111987,1114110,37,127,16644
F10086#F1438,2038,1106497,1108538,32,128,16644
F10697#F1438,2055,1094542,1096599,32,129,16644
F10707#F1438,2063,1132063,1134128,36,130,16644
F10277#F1438,2123,1128865,1130990,43,131,16644
F10079#F1438,2118,1148827,1150947,36,132,16644
F10098#F1438,2150,1145929,1148082,29,133,16644
F10045#F1438,2110,1141484,1143596,34,134,16644
F10183#F1438,2174,1409355,1411531,43,135,16644
F10290#F1438,3294,1273205,1276502,40,136,16644
F10353#F1438,2165,1049249,1051416,38,137,16644
F10608#F1438,2178,1058424,1060605,34,138,16644
F1024#F1438,2194,1066148,1068343,40,139,16644
F10175#F1438,2219,1122196,1124416,41,140,16644
F10039#F1438,2269,1089660,1091931,42,141,16644
F10281#F1438,2285,1111347,1113635,30,142,16644
F10808#F1438,2271,1128226,1130500,38,143,16644
F10042#F1438,2343,1129518,1131863,50,144,16644
F10488#F1438,2290,1155481,1157774,39,145,16644
F10239#F1438,2338,1135979,1138319,38,146,16644
F10552#F1438,2306,1513782,1516091,34,147,16644
F10822#F1438,3787,1266379,1270170,34,148,16644
F10186#F1438,2320,1012654,1014976,44,149,16644
F10263#F1438,2262,1012145,1014410,32,150,16644
F10685#F1438,2363,1029738,1032104,37,151,16644
F10097#F1438,2412,1061304,1063719,34,152,16644
F10041#F1438,2451,1114939,1117392,40,153,16644
F10231#F1438,2438,1094562,1097002,33,154,16644
F10383#F1438,2445,1117104,1119551,32,155,16644
F10392#F1438,2407,1126033,1128442,41,156,16644
F10106#F1438,2455,1128313,1130770,38,157,16644
F10019#F1438,2444,1174673,1177120,35,158,16644
F10082#F1438,2486,1491047,1493536,30,159,16644
F10592#F1438,3888,1376785,1380677,43,160,16644
F10011#F1438,2416,1022876,1025295,44,161,16644
F10048#F1438,2494,1015927,1018424,42,162,16644
F1033#F1438,2453,1011697,1014152,39,163,16644
F10040#F1438,2496,1018053,1020552,42,164,16644
F10631#F1438,2474,1027081,1029557,40,165,16644
F10065#F1438,2479,1079742,1082224,38,166,16644
F10233#F1438,2522,1043889,1046413,42,167,16644
F10250#F1438,2555,1092703,1095259,38,168,16644
F10639#F1438,2661,1112433,1115097,42,169,16644
F10622#F1438,2519,1084334,1086856,43,170,16644
F1106#F1438,2556,1546076,1548636,40,171,16644
F10260#F1438,4296,1324879,1329179,46,172,16644
F10157#F1438,2759,1106235,1108997,44,173,16644
F10984#F1438,2748,1057334,1060085,43,174,16644
F10110#F1438,2820,1056624,1059446,41,175,16644
F1049#F1438,2780,1048809,1051592,41,176,16644
F10062#F1438,2791,1053989,1056782,48,177,16644
F10090#F1438,2819,1113212,1116034,41,178,16644
F10197#F1438,2849,1104488,1107340,33,179,16644
F10180#F1438,2899,1101988,1104890,45,180,16644
F10194#F1438,2873,1132251,1135126,41,181,16644
F10116#F1438,2811,1124709,1127522,42,182,16644
F10423#F1438,2891,1694569,1697464,45,183,16644
F10584#F1438,4662,1207977,1212644,38,184,16644
F10435#F1438,2987,1113241,1116231,42,185,16644
F10017#F1438,2924,1074310,1077236,44,186,16644
F10027#F1438,2977,1058786,1061765,43,187,16644
F10095#F1438,2988,1049349,1052339,42,188,16644
F10049#F1438,2977,1030517,1033496,47,189,16644
F10181#F1438,2895,1069329,1072227,44,190,16644
F10324#F1438,2980,1112283,1115265,44,191,16644
F10764#F1438,3071,1096921,1099995,48,192,16644
F11431#F1438,3025,1115925,1118953,52,193,16644
F10360#F1438,3108,1130902,1134013,46,194,16644
F10688#F1438,3155,1688773,1691930,43,195,16644
F10067#F1438,3069,1191030,1194102,39,196,16644
F10252#F1438,3045,1103614,1106662,53,197,16644
F10227#F1438,3070,1112533,1115605,51,198,16644
F1009#F1438,3094,1063736,1066832,46,199,16644
F10109#F1438,3156,1047204,1050363,41,200,16644
F10074#F1438,3132,1047138,1050272,45,201,16644
F10084#F1438,3145,1060913,1064061,43,202,16644
F10318#F1438,3160,1105471,1108633,38,203,16644
F10119#F1438,3272,1110052,1113326,45,204,16644
F10185#F1438,3202,1098260,1101464,42,205,16644
F11093#F1438,3243,1128903,1132148,38,206,16644
F10288#F1438,3322,1702326,1705650,44,207,16644
F10412#F1438,3256,1184778,1188037,37,208,16644
F10929#F1438,3310,1170905,1174216,48,209,16644
F10871#F1438,3248,1116898,1120148,41,210,16644
F10243#F1438,3339,1098814,1102157,41,211,16644
F10008#F1438,3388,1053817,1057208,46,212,16644
F1017#F1438,3359,1057768,1061130,42,213,16644
F10245#F1438,3409,1064998,1068409,39,214,16644
F10913#F1438,3408,1070865,1074276,35,215,16644
F10070#F1438,3470,1133772,1137244,39,216,16644
F10522#F1438,3454,1106059,1109515,44,217,16644
F10587#F1438,3465,1119629,1123097,43,218,16644
F11237#F1438,3532,1676117,1679652,33,219,16644
F11664#F1438,5203,1168104,1173311,46,220,16644
F10001#F1438,3487,1142247,1145737,48,221,16644
F10125#F1438,3452,1141106,1144561,53,222,16644
F11102#F1438,3509,1125826,1129338,45,223,16644
F10425#F1438,3518,1079557,1083077,42,224,16644
F10718#F1438,3499,1053667,1057168,38,225,16644
F10689#F1438,3544,1046717,1050264,40,226,16644
F10167#F1438,3526,1056830,1060359,50,227,16644
F1015#F1438,3660,1075790,1079451,39,228,16644
F10215#F1438,3599,1127230,1130831,52,229,16644
F10518#F1438,3758,1100668,1104428,47,230,16644
F10050#F1438,3695,1545017,1548716,44,231,16644
F10665#F1438,5960,1344662,1350626,48,232,16644
F10477#F1438,3892,1149958,1153854,44,233,16644
F10173#F1438,3717,1144958,1148677,55,234,16644
F10007#F1438,3749,1147561,1151313,51,235,16644
F11813#F1438,3721,1113933,1117655,55,236,16644
F10229#F1438,4043,1028070,1032116,47,237,16644
F10209#F1438,3606,1037131,1040740,55,238,16644
F11048#F1438,3793,1026849,1030644,42,239,16644
F10446#F1438,3623,1014337,1017963,56,240,16644
F10026#F1438,3701,1027200,1030904,41,241,16644
F10322#F1438,3745,1081676,1085424,55,242,16644
F10232#F1438,3892,1388786,1392681,59,243,16644
F10000#F1438,6136,1420205,1426346,53,244,16644
F10123#F1438,3927,1132569,1136499,60,245,16644
F10208#F1438,3960,1158186,1162148,56,246,16644
F10009#F1438,3837,1152254,1156093,56,247,16644
F11541#F1438,3829,1099236,1103068,45,248,16644
F11400#F1438,3778,1047332,1051113,46,249,16644
F10172#F1438,3799,1022954,1026756,53,250,16644
F10101#F1438,3716,1011378,1015096,47,251,16644
F11925#F1438,3748,1010127,1013877,51,252,16644
F10799#F1438,3732,1022949,1026683,49,253,16644
F1082#F1438,3795,1033143,1036940,51,254,16644
F1077#F1438,3830,1255187,1259020,50,255,16644
F10524#F1438,6331,1464013,1470347,50,256,16644
F11045#F1438,4003,1097022,1101027,49,257,16644
F1027#F1438,3930,1088273,1092205,52,258,16644
F10448#F1438,4011,1151174,1155187,57,259,16644
F10127#F1438,4242,1161271,1165516,46,260,16644
F10134#F1438,4102,1128258,1132362,42,261,16644
F1130#F1438,4128,1128536,1132666,53,262,16644
F10258#F1438,4159,1086540,1090701,40,263,16644
F11386#F1438,4147,1073293,1077442,45,264,16644
F10156#F1438,4151,1075846,1080000,57,265,16644
F1018#F1438,4166,1068078,1072246,40,266,16644
F10078#F1438,4250,1153463,1157715,50,267,16644
F11186#F1438,6809,1611311,1618123,50,268,16644
F10025#F1438,4347,1079751,1084101,45,269,16644
F10882#F1438,4042,1074725,1078770,45,270,16644
F10935#F1438,4090,1085179,1089272,63,271,16644
F10212#F1438,4084,1104502,1108588,60,272,16644
F10129#F1438,4198,1105391,1109591,53,273,16644
F10332#F1438,4108,1083107,1087217,56,274,16644
F10321#F1438,4160,1072614,1076776,45,275,16644
F10076#F1438,4236,1015092,1019330,47,276,16644
F11545#F1438,4203,1009596,1013801,52,277,16644
F11096#F1438,4183,1010143,1014328,55,278,16644
F10060#F1438,4261,1075817,1080082,53,279,16644
F10164#F1438,6863,1549972,1556839,49,280,16644
F10389#F1438,4366,1146855,1151224,54,281,16644
F10133#F1438,4376,1101203,1105581,52,282,16644
F10248#F1438,4436,1122149,1126587,54,283,16644
F11487#F1438,4504,1137810,1142317,49,284,16644
F1016#F1438,4764,1157834,1162601,55,285,16644
F10442#F1438,4567,1161418,1165987,55,286,16644
F11185#F1438,4543,1132264,1136810,55,287,16644
F10242#F1438,4518,1122142,1126663,46,288,16644
F11334#F1438,4578,1060505,1065085,51,289,16644
F10291#F1438,4541,1057295,1061839,56,290,16644
F11405#F1438,4612,1071428,1076043,48,291,16644
F1069#F1438,7216,1552048,1559268,60,292,16644
F11584#F1438,4519,1096480,1101002,47,293,16644
F10733#F1438,4834,1133300,1138137,53,294,16644
F10476#F1438,4626,1095868,1100496,47,295,16644
F10842#F1438,4631,1123626,1128259,49,296,16644
F11211#F1438,4787,1132578,1137367,53,297,16644
F10128#F1438,4642,1154667,1159312,52,298,16644
F10105#F1438,4717,1161650,1166370,51,299,16644
F10273#F1438,4431,1080808,1085242,49,300,16644
F10284#F1438,4516,1072906,1077425,57,301,16644
F10028#F1438,4760,1047091,1051854,58,302,16644
F10554#F1438,4749,1054282,1059034,55,303,16644
F10058#F1438,4843,1571987,1576832,55,304,16644
F10439#F1438,4888,1099052,1103943,57,305,16644
F11134#F1438,4811,1098063,1102877,53,306,16644
F11785#F1438,4872,1136002,1140876,51,307,16644
F10093#F1438,4878,1104616,1109497,50,308,16644
F1108#F1438,4883,1122770,1127655,49,309,16644
F10574#F1438,4856,1141506,1146364,56,310,16644
F10553#F1438,4885,1159828,1164715,61,311,16644
F10333#F1438,5015,1168329,1173346,60,312,16644
F1085#F1438,4889,1139059,1143950,53,313,16644
F10295#F1438,4944,1127635,1132582,59,314,16644
F10262#F1438,5009,1064342,1069353,52,315,16644
F10148#F1438,4950,1576225,1581177,48,316,16644
F10486#F1438,4963,1085461,1090426,55,317,16644
F1051#F1438,4816,1030027,1034846,58,318,16644
F10075#F1438,5025,1089076,1094104,51,319,16644
F10137#F1438,5106,1126347,1131455,61,320,16644
F11306#F1438,5026,1086340,1091369,61,321,16644
F10840#F1438,4986,1117967,1122956,49,322,16644
F10144#F1438,5021,1132356,1137380,47,323,16644
F10030#F1438,5135,1149406,1154543,54,324,16644
F10682#F1438,5035,1152879,1157916,52,325,16644
F10003#F1438,5078,1133252,1138333,48,326,16644
F10331#F1438,5082,1119801,1124886,57,327,16644
F10803#F1438,5154,1572399,1577556,46,328,16644
F1004#F1438,8383,1101637,1110024,55,329,16644
F10569#F1438,5155,1050506,1055663,57,330,16644
F10051#F1438,5104,1063153,1068259,43,331,16644
F11141#F1438,5213,1093914,1099128,63,332,16644
F1310#F1438,5215,1117381,1122598,48,333,16644
F10363#F1438,5279,1091016,1096298,52,334,16644
F10677#F1438,5253,1125893,1131149,57,335,16644
F10753#F1438,5336,1157265,1162603,53,336,16644
F10196#F1438,5130,1111167,1116299,54,337,16644
F10251#F1438,5074,1109450,1114527,63,338,16644
F10473#F1438,5091,1096016,1101110,51,339,16644
F10327#F1438,5337,1674862,1680202,43,340,16644
F1081#F1438,5848,1100329,1106180,47,341,16644
F1007#F1438,6181,1047969,1054153,58,342,16644
F10969#F1438,5322,1055320,1060645,51,343,16644
F10107#F1438,5326,1069215,1074544,76,344,16644
F10359#F1438,5412,1098351,1103766,58,345,16644
F10002#F1438,5413,1106440,1111856,60,346,16644
F1008#F1438,5438,1088823,1094263,43,347,16644
F12082#F1438,5427,1128994,1134423,50,348,16644
F10059#F1438,5409,1147485,1152896,66,349,16644
F10269#F1438,5522,1143616,1149140,57,350,16644
F1105#F1438,5461,1167238,1172701,61,351,16644
F10184#F1438,5442,1669888,1675332,60,352,16644
F10701#F1438,5515,1120903,1126421,56,353,16644
F10883#F1438,5319,1049081,1054403,48,354,16644
F1057#F1438,5720,1057698,1063421,58,355,16644
F10071#F1438,5470,1055773,1061247,54,356,16644
F11041#F1438,5474,1069220,1074697,61,357,16644
F10203#F1438,5610,1136086,1141698,57,358,16644
F10352#F1438,5842,1104016,1109861,55,359,16644
F10168#F1438,5674,1103321,1108996,55,360,16644
F10461#F1438,5720,1155773,1161496,64,361,16644
F10145#F1438,5623,1128893,1134518,49,362,16644
F12033#F1438,5733,1159066,1164801,67,363,16644
F11179#F1438,6430,1686811,1693243,60,364,16644
F1#F1438,5914,1129383,1135301,62,365,16644
F11549#F1438,5736,1108622,1114361,57,366,16644
F10421#F1438,5733,1060684,1066419,56,367,16644
F10323#F1438,5757,1065268,1071027,59,368,16644
F10414#F1438,5754,1064166,1069922,54,369,16644
F12399#F1438,5776,1085578,1091357,55,370,16644
F10506#F1438,5851,1132217,1138070,57,371,16644
F10214#F1438,5870,1096014,1101886,70,372,16644
F11320#F1438,6030,1122446,1128478,62,373,16644
F10010#F1438,6038,1087441,1093482,64,374,16644
F10104#F1438,5912,1188587,1194502,60,375,16644
F10155#F1438,9480,1688090,1697576,57,376,16644
F10092#F1438,5979,1142085,1148067,57,377,16644
F11651#F1438,5865,1108193,1114061,54,378,16644
F1092#F1438,5812,1080932,1086745,56,379,16644
F10694#F1438,5854,1059166,1065021,50,380,16644
F10315#F1438,5851,1052316,1058169,58,381,16644
F13306#F1438,5920,1074456,1080378,62,382,16644
F11189#F1438,5918,1107250,1113171,60,383,16644
F10870#F1438,6048,1108384,1114434,56,384,16644
F12921#F1438,5953,1094870,1100826,58,385,16644
F10368#F1438,6314,1125143,1131461,57,386,16644
F11040#F1438,6101,1457953,1464057,65,387,16644
F10329#F1438,9684,1460529,1470218,62,388,16644
F12863#F1438,5990,1150877,1156870,58,389,16644
F10495#F1438,6170,1109269,1115441,68,390,16644
F11627#F1438,6027,1114817,1120846,55,391,16644
F10408#F1438,6069,1063691,1069762,64,392,16644
F11449#F1438,6077,1050582,1056661,58,393,16644
F10206#F1438,6036,1070168,1076207,56,394,16644
F10047#F1438,6177,1086143,1092322,64,395,16644
F10021#F1438,6165,1151792,1157959,46,396,16644
F10815#F1438,6205,1090133,1096341,51,397,16644
F10760#F1438,6603,1107571,1114176,63,398,16644
F11133#F1438,6283,1374136,1380422,35,399,16644
F10557#F1438,10174,1503257,1513435,48,400,16644
F10163#F1438,6188,1124409,1130600,59,401,16644
F10570#F1438,6073,1130168,1136243,58,402,16644
F10440#F1438,6282,1089072,1095357,68,403,16644
F10234#F1438,6273,1102128,1108404,71,404,16644
F10372#F1438,6145,1003320,1009469,69,405,16644
F10279#F1438,6036,1016853,1022891,56,406,16644
F11514#F1438,6156,1028864,1035023,62,407,16644
F10668#F1438,6137,1042299,1048438,59,408,16644
F10371#F1438,6183,1114234,1120419,64,409,16644
F1072#F1438,6569,1090530,1097103,60,410,16644
F10662#F1438,6903,1263047,1269952,62,411,16644
F10226#F1438,10067,1584950,1595021,62,412,16644
F10743#F1438,6469,1152329,1158801,63,413,16644
F10727#F1438,6481,1155761,1162245,63,414,16644
F10745#F1438,6471,1131519,1137992,59,415,16644
F11201#F1438,6426,1108831,1115260,58,416,16644
F11168#F1438,6471,1075660,1082133,59,417,16644
F10910#F1438,6516,1063436,1069954,35,418,16644
F1076#F1438,6593,1067498,1074093,58,419,16644
F11335#F1438,6508,1077334,1083845,57,420,16644
F10299#F1438,6483,1106232,1112717,55,421,16644
F10#F1438,6561,1117080,1123643,65,422,16644
F10404#F1438,6756,1201249,1208008,60,423,16644
F10526#F1438,10908,1599489,1610401,67,424,16644
F10514#F1438,6778,1152505,1159286,60,425,16644
F11910#F1438,6582,1147606,1154190,64,426,16644
F10064#F1438,6622,1171931,1178556,56,427,16644
F10972#F1438,6596,1119292,1125889,66,428,16644
F10676#F1438,6615,1101659,1108276,68,429,16644
F10117#F1438,6620,1090969,1097591,58,430,16644
F12634#F1438,6581,1064968,1071552,61,431,16644
F12273#F1438,6629,1071915,1078547,62,432,16644
F10857#F1438,6718,1084354,1091074,65,433,16644
F101#F1438,6794,1110140,1116936,57,434,16644
F10276#F1438,6878,1221934,1228815,61,435,16644
F10287#F1438,11091,1546492,1557587,61,436,16644
F10241#F1438,6983,1124489,1131475,59,437,16644
F10462#F1438,6530,1122300,1128832,62,438,16644
F1078#F1438,6802,1161797,1168601,62,439,16644
F11011#F1438,6915,1160063,1166981,62,440,16644
F10531#F1438,6946,1113536,1120485,57,441,16644
F13022#F1438,7212,1112371,1119585,64,442,16644
F10597#F1438,6963,1083374,1090341,68,443,16644
F10147#F1438,6880,1057008,1063890,47,444,16644
F10765#F1438,7122,1061435,1068559,66,445,16644
F11799#F1438,7231,1078391,1085624,69,446,16644
F10348#F1438,7002,1172643,1179648,63,447,16644
F12069#F1438,11250,1578213,1589467,71,448,16644
F11904#F1438,7612,1093751,1101366,45,449,16644
F11445#F1438,6763,1089417,1096183,71,450,16644
F11057#F1438,6785,1099965,1106753,52,451,16644
F1006#F1438,6801,1131144,1137947,49,452,16644
F12019#F1438,7028,1144337,1151368,60,453,16644
F11318#F1438,6994,1119529,1126525,54,454,16644
F11696#F1438,7079,1102823,1109904,60,455,16644
F10610#F1438,7079,1081007,1088088,69,456,16644
F10536#F1438,7041,1051875,1058917,71,457,16644
F10036#F1438,7232,1059020,1066255,68,458,16644
F10015#F1438,7278,1104531,1111812,86,459,16644
F10063#F1438,11292,1635942,1647238,51,460,16644
F10224#F1438,7409,1097389,1104800,54,461,16644
F11707#F1438,6972,1062817,1069791,61,462,16644
F10024#F1438,6879,1107998,1114880,58,463,16644
F10171#F1438,7080,1108669,1115751,71,464,16644
F11401#F1438,7255,1159163,1166420,60,465,16644
F10111#F1438,7189,1097944,1105136,84,466,16644
F1304#F1438,6997,1085159,1092159,54,467,16644
F10308#F1438,7556,1099003,1106561,67,468,16644
F10751#F1438,7401,1068924,1076328,62,469,16644
F13266#F1438,7404,1056172,1063578,62,470,16644
F10364#F1438,7384,1055987,1063372,58,471,16644
F12073#F1438,7483,1585342,1592828,73,472,16644
F10683#F1438,7512,1127017,1134531,59,473,16644
F10280#F1438,7131,1058201,1065335,65,474,16644
F10585#F1438,7049,1052250,1059302,59,475,16644
F12593#F1438,7085,1104618,1111705,60,476,16644
F10388#F1438,7052,1090585,1097639,64,477,16644
F12736#F1438,7099,1124925,1132026,67,478,16644
F10887#F1438,7370,1101888,1109260,50,479,16644
F10679#F1438,7408,1084751,1092161,60,480,16644
F10415#F1438,7313,1054715,1062029,61,481,16644
F12681#F1438,7454,1028255,1035712,61,482,16644
F12061#F1438,7415,1014063,1021480,52,483,16644
F10872#F1438,7447,1577420,1584870,57,484,16644
F12326#F1438,7634,1079052,1086689,65,485,16644
F1114#F1438,7369,1086583,1093955,75,486,16644
F10089#F1438,7385,1054678,1062066,67,487,16644
F13191#F1438,7591,1092411,1100006,65,488,16644
F12339#F1438,7574,1129886,1137462,58,489,16644
F12518#F1438,7495,1099027,1106525,65,490,16644
F10632#F1438,7963,1150170,1158137,65,491,16644
F10091#F1438,7723,1161015,1168741,79,492,16644
F106#F1438,7452,1071046,1078502,59,493,16644
F1210#F1438,7499,1051677,1059178,59,494,16644
F10951#F1438,7861,1081985,1089849,55,495,16644
F11088#F1438,8105,1571923,1580030,61,496,16644
F10643#F1438,8134,1110452,1118589,66,497,16644
F10044#F1438,7743,1037909,1045655,64,498,16644
F10382#F1438,7552,1085444,1092998,72,499,16644
F11036#F1438,7452,1062655,1070109,69,500,16644
F10238#F1438,7394,1059320,1066716,56,501,16644
F10519#F1438,7458,1099835,1107295,60,502,16644
F13525#F1438,7585,1088010,1095598,68,503,16644
F11706#F1438,7794,1136299,1144096,75,504,16644
F11119#F1438,7553,1093285,1100840,65,505,16644
F11553#F1438,7661,1084911,1092574,81,506,16644
F10361#F1438,7648,1060514,1068164,60,507,16644
F13916#F1438,7763,1613580,1621346,68,508,16644
F13738#F1438,8298,1068649,1076950,67,509,16644
F12037#F1438,7735,1033248,1040985,66,510,16644
F227#F1438,7835,1060134,1067971,66,511,16644
F10831#F1438,7734,1074546,1082283,61,512,16644
F10907#F1438,7687,1041764,1049453,65,513,16644
F12030#F1438,7720,1054543,1062265,61,514,16644
F10577#F1438,7703,1106994,1114700,63,515,16644
F10356#F1438,7826,1100360,1108188,56,516,16644
F10188#F1438,7874,1121299,1129175,51,517,16644
F10034#F1438,7953,1118118,1126074,66,518,16644
F13740#F1438,8087,1056765,1064854,66,519,16644
F10699#F1438,7929,1637654,1645585,55,520,16644
F1143#F1438,8372,1082692,1091067,67,521,16644
F10192#F1438,8227,1070723,1078953,62,522,16644
F149#F1438,8423,1075815,1084240,70,523,16644
F11519#F1438,8367,1091673,1100041,65,524,16644
F10604#F1438,8064,1073455,1081521,62,525,16644
F1062#F1438,7880,1089115,1096998,72,526,16644
F10549#F1438,8242,1101945,1110189,73,527,16644
F10455#F1438,8434,1127428,1135864,58,528,16644
F11286#F1438,8019,1122664,1130685,61,529,16644
F1093#F1438,8247,1100642,1108891,78,530,16644
F11336#F1438,8353,1234952,1243308,60,531,16644
F10510#F1438,13469,1542728,1556201,69,532,16644
F11015#F1438,8513,1096072,1104587,75,533,16644
F10489#F1438,8122,1030275,1038400,71,534,16644
F12672#F1438,8391,1062449,1070843,62,535,16644
F14039#F1438,8429,1083573,1092004,75,536,16644
F10309#F1438,8482,1121387,1129872,68,537,16644
F1265#F1438,8361,1101589,1109953,76,538,16644
F10411#F1438,8372,1073138,1081512,67,539,16644
F17457#F1438,7977,1088216,1096196,77,540,16644
F11108#F1438,8115,1111924,1120041,76,541,16644
F12956#F1438,8352,1106715,1115070,68,542,16644
F13#F1438,8459,1461148,1469610,66,543,16644
F11887#F1438,13779,1416754,1430537,75,544,16644
F10786#F1438,8493,1109949,1118444,70,545,16644
F10346#F1438,9353,1035085,1044441,66,546,16644
F12908#F1438,8395,1026618,1035017,85,547,16644
F12527#F1438,8313,1024779,1033095,69,548,16644
F11497#F1438,8431,1044001,1052435,59,549,16644
F10521#F1438,8252,1103713,1111967,73,550,16644
F10556#F1438,8307,1056220,1064529,66,551,16644
F11856#F1438,8339,1053506,1061847,65,552,16644
F12225#F1438,8350,1110840,1119192,53,553,16644
F12713#F1438,8405,1114911,1123319,69,554,16644
F14#F1438,8461,1709199,1717662,71,555,16644
F12589#F1438,9260,1163818,1173081,67,556,16644
F10853#F1438,8556,1069078,1077637,78,557,16644
F11841#F1438,8610,1050768,1059380,66,558,16644
F11573#F1438,8835,1028204,1037042,73,559,16644
F15109#F1438,8562,1026314,1034878,68,560,16644
F10325#F1438,8512,1037144,1045658,67,561,16644
F10725#F1438,8578,1074230,1082811,62,562,16644
F10142#F1438,8336,1057158,1065496,73,563,16644
F1001#F1438,8613,1056402,1065017,73,564,16644
F10982#F1438,8478,1097702,1106182,69,565,16644
F11602#F1438,8489,1098460,1106951,59,566,16644
F10335#F1438,8663,1709083,1717748,78,567,16644
F1145#F1438,9333,1189460,1198796,84,568,16644
F13110#F1438,8640,1091763,1100406,61,569,16644
F10046#F1438,8517,1073028,1081548,63,570,16644
F12617#F1438,8616,1035808,1044427,71,571,16644
F10160#F1438,9146,1025968,1035117,73,572,16644
F1039#F1438,8870,1033810,1042682,76,573,16644
F10520#F1438,8636,1053145,1061784,65,574,16644
F11787#F1438,8552,1094317,1102871,76,575,16644
F10006#F1438,8518,1055913,1064434,60,576,16644
F11647#F1438,8787,1048646,1057436,55,577,16644
F14240#F1438,8745,1110911,1119658,67,578,16644
F10900#F1438,8923,1660444,1669369,73,579,16644
F1535#F1438,8887,1177409,1186298,80,580,16644
F10246#F1438,8855,1113395,1122253,71,581,16644
F10931#F1438,8667,1068013,1076683,68,582,16644
F12311#F1438,8767,1063495,1072264,76,583,16644
F13755#F1438,8763,1017267,1026033,75,584,16644
F12788#F1438,8809,1017656,1026468,70,585,16644
F12264#F1438,9155,1035032,1044189,72,586,16644
F11149#F1438,9450,1073405,1082858,67,587,16644
F11322#F1438,8862,1066984,1075849,71,588,16644
F163#F1438,8946,1055766,1064715,67,589,16644
F10394#F1438,8855,1076812,1085669,78,590,16644
F10681#F1438,8912,1724779,1733694,69,591,16644
F12338#F1438,9364,1145704,1155071,60,592,16644
F11049#F1438,9220,1169883,1179106,69,593,16644
F1019#F1438,9485,1139940,1149428,71,594,16644
F21737#F1438,9730,1110040,1119773,73,595,16644
F10977#F1438,9418,1098334,1107754,76,596,16644
F10154#F1438,9233,1071934,1081170,69,597,16644
F10431#F1438,9323,1078898,1088224,68,598,16644
F17002#F1438,9807,1035828,1045637,65,599,16644
F10758#F1438,9127,1082555,1091685,66,600,16644
F11251#F1438,9272,1057390,1066665,76,601,16644
F1013#F1438,9199,1055141,1064342,74,602,16644
F11257#F1438,9111,1695464,1704578,72,603,16644
F11153#F1438,9419,1156580,1166002,74,604,16644
F12624#F1438,9252,1109553,1118807,73,605,16644
F11177#F1438,9120,1122930,1132053,79,606,16644
F10740#F1438,9090,1089771,1098864,68,607,16644
F1098#F1438,9074,1056527,1065604,76,608,16644
F11737#F1438,9630,1089754,1099387,69,609,16644
F11158#F1438,9792,1073710,1083504,67,610,16644
F10005#F1438,9717,1080548,1090267,69,611,16644
F10100#F1438,9676,1102777,1112455,72,612,16644
F10904#F1438,9662,1121178,1130843,72,613,16644
F12422#F1438,9990,1090996,1100988,83,614,16644
F10564#F1438,9608,1663355,1672966,73,615,16644
F11790#F1438,9858,1156031,1165892,70,616,16644
F12631#F1438,9411,1122839,1132253,65,617,16644
F13161#F1438,9527,1133536,1143065,69,618,16644
F8417#F1438,9526,1163810,1173339,74,619,16644
F1330#F1438,9597,1111053,1120653,62,620,16644
F2589#F1438,9719,1111619,1121340,79,621,16644
F10393#F1438,9806,1072081,1081889,82,622,16644
F14484#F1438,9684,1070390,1080077,71,623,16644
F12413#F1438,9994,1073674,1083670,68,624,16644
F14481#F1438,9732,1094728,1104463,80,625,16644
F12461#F1438,9575,1078634,1088211,71,626,16644
F2559#F1438,9583,1625744,1635330,67,627,16644
F13551#F1438,9915,1123552,1133471,79,628,16644
F25159#F1438,9905,1155489,1165398,80,629,16644
F145#F1438,10034,1144910,1154947,73,630,16644
F14751#F1438,9759,1147383,1157145,64,631,16644
F10182#F1438,10143,1164088,1174234,71,632,16644
F1263#F1438,9822,1123908,1133733,75,633,16644
F10162#F1438,9828,1123338,1133168,79,634,16644
F10594#F1438,9939,1067534,1077475,74,635,16644
F13852#F1438,10133,1070632,1080766,65,636,16644
F10018#F1438,10678,1078099,1088779,83,637,16644
F12817#F1438,10082,1091074,1101158,65,638,16644
F11903#F1438,10126,1688377,1698506,74,639,16644
F17744#F1438,15330,1139192,1154526,64,640,16644
F10118#F1438,10415,1099345,1109762,70,641,16644
F2514#F1438,9990,1159974,1169967,71,642,16644
F2091#F1438,10076,1155356,1165434,80,643,16644
F107#F1438,9820,1125084,1134906,38,644,16644
F1726#F1438,10236,1162411,1172649,67,645,16644
F10254#F1438,9979,1129586,1139567,72,646,16644
F14508#F1438,10006,1112731,1122740,74,647,16644
F17448#F1438,10194,1076669,1086866,70,648,16644
F10400#F1438,10029,1019972,1030004,69,649,16644
F12007#F1438,10578,1030739,1041318,71,650,16644
F11704#F1438,9838,1622294,1632135,68,651,16644
F12297#F1438,16288,1151200,1167493,73,652,16644
F10491#F1438,10188,1066122,1076312,75,653,16644
F10406#F1438,10047,1068824,1078874,70,654,16644
F3204#F1438,10059,1141226,1151287,80,655,16644
F10085#F1438,10661,1113482,1124147,84,656,16644
F10706#F1438,10284,1167243,1177529,63,657,16644
F10986#F1438,11169,1133235,1144407,76,658,16644
F10149#F1438,10304,1103043,1113350,74,659,16644
F10708#F1438,10388,1106852,1117242,66,660,16644
F12781#F1438,10366,1070820,1081189,71,661,16644
F11120#F1438,10621,1065581,1076204,67,662,16644
F1175#F1438,11197,1577694,1588894,72,663,16644
F11682#F1438,16916,1209874,1226795,69,664,16644
F232#F1438,10659,1140089,1150750,63,665,16644
F14042#F1438,10497,1100605,1111104,70,666,16644
F100#F1438,10411,1128698,1139112,81,667,16644
F194#F1438,10708,1155069,1165780,63,668,16644
F10540#F1438,10753,1158284,1169041,77,669,16644
F13539#F1438,10422,1168893,1179318,79,670,16644
F11713#F1438,10731,1134714,1145448,81,671,16644
F10135#F1438,10692,1111757,1122452,75,672,16644
F1334#F1438,10724,1095400,1106125,70,673,16644
F11389#F1438,10613,1067868,1078484,73,674,16644
F14244#F1438,10857,1534152,1545012,80,675,16644
F12753#F1438,17412,1232699,1250115,51,676,16644
F11939#F1438,10525,1061303,1071837,73,677,16644
F12362#F1438,11206,1082360,1093570,79,678,16644
F15257#F1438,10473,1060826,1071301,68,679,16644
F10365#F1438,10563,1103554,1114120,79,680,16644
F14911#F1438,10199,1096900,1107101,66,681,16644
F2420#F1438,10386,1114245,1124633,74,682,16644
F10122#F1438,10449,1126866,1137317,75,683,16644
F15101#F1438,10398,1117959,1128359,85,684,16644
F10410#F1438,10695,1120471,1131168,87,685,16644
F3707#F1438,10880,1084441,1095323,75,686,16644
F1084#F1438,11092,1572376,1583471,79,687,16644
F10108#F1438,17535,1209067,1226607,72,688,16644
F10375#F1438,11637,1094945,1106584,87,689,16644
F12484#F1438,10925,1112325,1123252,78,690,16644
F13371#F1438,10953,1126401,1137357,73,691,16644
F10451#F1438,11133,1106178,1117314,77,692,16644
F1229#F1438,11048,1129705,1140756,86,693,16644
F13681#F1438,10976,1150605,1161584,70,694,16644
F15677#F1438,10971,1150507,1161480,84,695,16644
F10052#F1438,10877,1182833,1193711,68,696,16644
F10056#F1438,11218,1134062,1145282,73,697,16644
F10264#F1438,11106,1109022,1120130,84,698,16644
F11564#F1438,11315,1582682,1594000,78,699,16644
F10981#F1438,17421,1139241,1156666,77,700,16644
F12223#F1438,11246,1097178,1108427,80,701,16644
F4578#F1438,11542,1099420,1110964,82,702,16644
F12973#F1438,11117,1129028,1140148,67,703,16644
F13021#F1438,11284,1125725,1137011,75,704,16644
F6733#F1438,11191,1099887,1111080,72,705,16644
F16095#F1438,11033,1175983,1187018,80,706,16644
F10891#F1438,10882,1135558,1146443,66,707,16644
F11730#F1438,11135,1175166,1186304,80,708,16644
F1594#F1438,11305,1145860,1157168,80,709,16644
F2096#F1438,11748,1122580,1134331,66,710,16644
F1054#F1438,11173,1677265,1688440,76,711,16644
F1325#F1438,11244,1081326,1092573,72,712,16644
F1037#F1438,11420,1103958,1115381,68,713,16644
F10593#F1438,11433,1093871,1105306,75,714,16644
F12970#F1438,11846,1092231,1104080,66,715,16644
F1434#F1438,11516,1135151,1146669,71,716,16644
F3784#F1438,11203,1099740,1110946,85,717,16644
F16600#F1438,11325,1144639,1155966,85,718,16644
F11566#F1438,11315,1163559,1174877,80,719,16644
F12189#F1438,11157,1153825,1164985,80,720,16644
F36349#F1438,11868,1169388,1181258,53,721,16644
F2670#F1438,11483,1130148,1141634,84,722,16644
F11026#F1438,11254,1650282,1661539,65,723,16644
F12701#F1438,11481,1122640,1134123,76,724,16644
F12594#F1438,11352,1092013,1103367,72,725,16644
F10401#F1438,11337,1083555,1094894,71,726,16644
F2592#F1438,11728,1093977,1105707,78,727,16644
F1147#F1438,11233,1107865,1119100,73,728,16644
F10835#F1438,11187,1116508,1127697,69,729,16644
F11106#F1438,11609,1114437,1126048,78,730,16644
F10849#F1438,11327,1161777,1173106,75,731,16644
F1200#F1438,11241,1144211,1155456,64,732,16644
F1543#F1438,11033,1108983,1120018,76,733,16644
F12730#F1438,11028,1344357,1355388,74,734,16644
F3590#F1438,18745,1497151,1515900,80,735,16644
F13683#F1438,11567,1085207,1096777,89,736,16644
F2086#F1438,11194,1067851,1079047,52,737,16644
F15864#F1438,11492,1056988,1068483,71,738,16644
F1497#F1438,11896,1064310,1076208,77,739,16644
F13939#F1438,11191,1040091,1051284,80,740,16644
F1706#F1438,11267,1097557,1108826,73,741,16644
F13766#F1438,11394,1077952,1089348,78,742,16644
F10500#F1438,11273,1072144,1083419,75,743,16644
F2442#F1438,11450,1137731,1149183,78,744,16644
F17310#F1438,11453,1090449,1101905,69,745,16644
F141#F1438,11426,1575721,1587150,79,746,16644
F1152#F1438,18446,1296883,1315334,70,747,16644
F10956#F1438,11478,1093103,1104584,76,748,16644
F2352#F1438,11357,1051173,1062533,75,749,16644
F4089#F1438,11517,1039396,1050915,75,750,16644
F11378#F1438,11284,1052216,1063502,71,751,16644
F1748#F1438,11756,1040416,1052174,81,752,16644
F11409#F1438,11168,1067573,1078743,75,753,16644
F10114#F1438,11293,1069771,1081067,80,754,16644
F10310#F1438,11276,1047815,1059093,80,755,16644
F10560#F1438,11275,1101766,1113043,81,756,16644
F10083#F1438,11975,1136950,1148928,84,757,16644
F2198#F1438,11769,1717612,1729384,70,758,16644
F11304#F1438,12159,1161141,1173304,62,759,16644
F2843#F1438,11569,1089710,1101281,76,760,16644
F1179#F1438,11596,1068040,1079638,84,761,16644
F12727#F1438,11763,1027579,1039344,66,762,16644
F1861#F1438,12148,1049181,1061331,75,763,16644
F11272#F1438,11441,1047031,1058475,78,764,16644
F11423#F1438,12378,1058297,1070678,72,765,16644
F1583#F1438,11424,1083557,1094983,82,766,16644
F10219#F1438,11439,1057573,1069014,86,767,16644
F2222#F1438,11526,1097726,1109254,68,768,16644
F11253#F1438,11505,1105309,1116817,68,769,16644
F20623#F1438,11535,1641805,1653342,89,770,16644
F12537#F1438,11669,1151672,1163343,84,771,16644
F11989#F1438,12854,1151466,1164323,79,772,16644
F15689#F1438,13279,1148048,1161330,68,773,16644
F4642#F1438,12196,1102162,1114361,90,774,16644
F11488#F1438,12497,1079627,1092128,77,775,16644
F18169#F1438,12306,1091876,1104185,81,776,16644
F10881#F1438,12662,1096700,1109365,76,777,16644
F10130#F1438,12041,1115205,1127249,74,778,16644
F2004#F1438,12191,1121149,1133343,65,779,16644
F2136#F1438,12210,1110962,1123174,84,780,16644
F1826#F1438,12240,1155517,1167759,77,781,16644
F10452#F1438,12307,1689457,1701766,85,782,16644
F1814#F1438,12131,1111138,1123272,80,783,16644
F4445#F1438,11928,1124269,1136199,62,784,16644
F11631#F1438,11685,1111064,1122753,85,785,16644
F13296#F1438,11961,1076353,1088317,71,786,16644
F3745#F1438,11860,1050875,1062738,82,787,16644
F4373#F1438,11746,1043058,1054805,78,788,16644
F13906#F1438,12360,1039688,1052051,93,789,16644
F2509#F1438,12505,1046570,1059078,80,790,16644
F1236#F1438,12116,1066361,1078479,86,791,16644
F2778#F1438,12280,1073424,1085706,83,792,16644
F12960#F1438,11932,1128661,1140594,76,793,16644
F17275#F1438,19558,1657564,1677127,84,794,16644
F11450#F1438,12768,1131746,1144516,74,795,16644
F11161#F1438,12193,1112608,1124803,71,796,16644
F1686#F1438,12586,1114494,1127082,76,797,16644
F454#F1438,12268,1098914,1111185,70,798,16644
F16986#F1438,12744,1092871,1105618,71,799,16644
F3822#F1438,12912,1093491,1106407,80,800,16644
F1663#F1438,13471,1086877,1100352,72,801,16644
F1189#F1438,12784,1102418,1115204,69,802,16644
F557#F1438,12712,1089572,1102286,57,803,16644
F197#F1438,12949,1141903,1154854,91,804,16644
F1140#F1438,12737,1117688,1130428,73,805,16644
F2251#F1438,12469,1649843,1662315,80,806,16644
F3520#F1438,13062,1168846,1181912,75,807,16644
F1073#F1438,12773,1101043,1113819,83,808,16644
F4268#F1438,12346,1107933,1120281,88,809,16644
F2322#F1438,12595,1110948,1123546,80,810,16644
F2826#F1438,12352,1085933,1098287,64,811,16644
F29476#F1438,12319,1060463,1072784,64,812,16644
F2400#F1438,12281,1043075,1055358,66,813,16644
F1090#F1438,12152,1044105,1056259,82,814,16644
F1020#F1438,12252,1054267,1066522,76,815,16644
F12562#F1438,12195,1041797,1053994,68,816,16644
F1195#F1438,12554,1095247,1107804,75,817,16644
F4702#F1438,12498,1657728,1670229,68,818,16644
F15971#F1438,12944,1123503,1136450,77,819,16644
F1060#F1438,12910,1158444,1171356,67,820,16644
F11929#F1438,13044,1142834,1155881,74,821,16644
F12542#F1438,12605,1160678,1173286,77,822,16644
F255#F1438,12902,1160174,1173078,67,823,16644
F2870#F1438,12701,1102603,1115307,85,824,16644
F15856#F1438,12671,1070117,1082790,79,825,16644
F222#F1438,13291,1049078,1062371,75,826,16644
F2202#F1438,12696,1041308,1054007,75,827,16644
F11946#F1438,12667,1055032,1067701,65,828,16644
F15343#F1438,12591,1041281,1053876,78,829,16644
F11577#F1438,12567,1670316,1682885,70,830,16644
F2300#F1438,13569,1157599,1171171,80,831,16644
F10038#F1438,13183,1119200,1132386,75,832,16644
F11712#F1438,12627,1113717,1126347,78,833,16644
F10539#F1438,12617,1098776,1111396,75,834,16644
F331#F1438,13424,1148586,1162013,75,835,16644
F13854#F1438,13178,1155542,1168723,82,836,16644
F11699#F1438,13354,1143977,1157334,80,837,16644
F10617#F1438,13470,1109282,1122755,73,838,16644
F12906#F1438,13639,1088650,1102291,86,839,16644
F5444#F1438,12954,1085252,1098208,76,840,16644
F4431#F1438,12982,1098439,1111422,80,841,16644
F11734#F1438,13197,1599279,1612480,77,842,16644
F6715#F1438,21651,1189449,1211105,85,843,16644
F2035#F1438,13195,1081506,1094703,79,844,16644
F21178#F1438,13254,1099328,1112586,85,845,16644
F13318#F1438,13666,1191833,1205502,65,846,16644
F125#F1438,12900,1066841,1079744,82,847,16644
F3500#F1438,12894,1094406,1107303,85,848,16644
F1612#F1438,12761,1127741,1140504,78,849,16644
F11175#F1438,12797,1097905,1110705,70,850,16644
F153#F1438,12899,1079387,1092288,76,851,16644
F198#F1438,13609,1028778,1042389,81,852,16644
F11702#F1438,13133,1049565,1062702,84,853,16644
F1150#F1438,14027,1629147,1643178,72,855,16644
F1040#F1438,13812,1144096,1157911,68,856,16644
F11429#F1438,13349,1092624,1105975,83,857,16644
F2860#F1438,13312,1061807,1075122,66,858,16644
F93#F1438,13266,1089711,1102979,89,859,16644
F11162#F1438,13271,1117611,1130885,89,860,16644
F2092#F1438,13002,1076095,1089099,86,861,16644
F3586#F1438,13021,1105497,1118520,73,862,16644
F2233#F1438,12959,1106359,1119320,81,863,16644
F1709#F1438,13215,1098005,1111222,82,864,16644
F7536#F1438,13168,1065881,1079051,77,865,16644
F10103#F1438,14146,1090619,1104767,85,866,16644
F13310#F1438,13782,1638158,1651942,71,867,16644
F1444#F1438,24782,1139400,1164186,94,868,16644
F1890#F1438,13831,1099682,1113516,85,869,16644
F2999#F1438,13979,1137209,1151190,73,871,16644
F7631#F1438,13844,1104905,1118752,77,873,16644
F2528#F1438,13799,1155434,1169236,91,874,16644
F1480#F1438,13690,1155760,1169452,86,875,16644
F10386#F1438,13551,1140164,1153717,90,876,16644
F14939#F1438,13839,1166347,1180188,73,877,16644
F3399#F1438,14005,1150864,1164872,76,878,16644
F13924#F1438,15171,1103347,1118521,76,879,16644
F14232#F1438,14203,1105233,1119439,82,880,16644
F10806#F1438,14032,1610400,1624435,78,881,16644
F4879#F1438,14124,1115136,1129264,70,882,16644
F11950#F1438,13950,1065953,1079906,86,883,16644
F10909#F1438,13487,1046856,1060345,62,884,16644
F2416#F1438,13610,1076214,1089827,80,885,16644
F17029#F1438,13330,1058465,1071798,82,886,16644
F14678#F1438,13627,1134817,1148447,87,887,16644
F12100#F1438,13544,1091534,1105082,77,888,16644
F14593#F1438,13418,1106123,1119543,85,889,16644
F4104#F1438,13477,1119854,1133334,74,890,16644
F192#F1438,13708,1123391,1137101,64,891,16644
F12187#F1438,14457,1161690,1176150,88,892,16644
F3574#F1438,23024,1568531,1591559,83,893,16644
F12740#F1438,14055,1084675,1098732,78,894,16644
F18504#F1438,13544,1082237,1095784,82,895,16644
F1237#F1438,13908,1095408,1109318,94,896,16644
F171#F1438,13879,1109996,1123877,69,897,16644
F2546#F1438,14053,1104307,1118363,82,898,16644
F1164#F1438,14255,1115531,1129789,89,899,16644
F2140#F1438,14026,1193948,1207976,73,900,16644
F244#F1438,14456,1119536,1133993,74,901,16644
F2657#F1438,14260,1155871,1170134,76,902,16644
F6297#F1438,14185,1166136,1180324,89,903,16644
F15098#F1438,14887,1336729,1351619,76,904,16644
F1066#F1438,23701,1485417,1509123,85,905,16644
F1415#F1438,14590,1057516,1072109,67,906,16644
F675#F1438,13792,1051951,1065745,75,907,16644
F6415#F1438,14051,1110005,1124059,85,908,16644
F5545#F1438,14563,1095824,1110389,94,909,16644
F14215#F1438,14429,1115077,1129508,77,910,16644
F6083#F1438,14188,1108146,1122337,80,911,16644
F4802#F1438,14740,1128123,1142865,88,912,16644
F3288#F1438,14319,1173072,1187393,74,913,16644
F3579#F1438,13935,1078121,1092058,79,915,16644
F1562#F1438,13875,1106332,1120209,86,916,16644
F3763#F1438,14082,1436925,1451010,82,917,16644
F12700#F1438,23914,1431267,1455185,96,918,16644
F12179#F1438,14805,1094302,1109110,70,919,16644
F5392#F1438,14477,1091192,1105672,71,920,16644
F1231#F1438,14684,1098323,1113010,93,921,16644
F2747#F1438,14632,1118195,1132829,83,922,16644
F1443#F1438,14518,1088044,1102565,70,923,16644
F11982#F1438,14432,1140574,1155009,88,924,16644
F12166#F1438,15741,1119255,1134999,80,925,16644
F14907#F1438,14276,1161998,1176276,71,926,16644
F118#F1438,14184,1087326,1101513,83,927,16644
F10838#F1438,14823,1110667,1125493,78,929,16644
F1416#F1438,14321,1562299,1576623,80,930,16644
F1324#F1438,23491,1308829,1332324,97,931,16644
F1303#F1438,14466,1084052,1098521,86,932,16644
F3222#F1438,15209,1045955,1061166,86,933,16644
F14267#F1438,13991,1052731,1066725,73,934,16644
F2398#F1438,14188,1068484,1082676,93,935,16644
F13721#F1438,14988,1099322,1114313,88,936,16644
F352#F1438,14817,1129724,1144543,83,937,16644
F10138#F1438,14771,1089325,1104099,97,938,16644
F1367#F1438,15294,1124786,1140083,79,939,16644
F1560#F1438,14702,1186918,1201622,87,940,16644
F12600#F1438,14864,1110047,1124914,73,941,16644
F19934#F1438,15340,1624474,1639816,67,942,16644
F16013#F1438,24237,1297247,1321489,86,944,16644
F1297#F1438,15025,1148430,1163458,95,945,16644
F10004#F1438,14762,1092577,1107342,81,946,16644
F1527#F1438,16770,1081711,1098485,80,947,16644
F1799#F1438,14485,1086795,1101282,91,948,16644
F1419#F1438,14552,1094218,1108772,98,949,16644
F13444#F1438,14594,1099327,1113923,89,951,16644
F2103#F1438,14929,1121109,1136040,79,952,16644
F10407#F1438,14877,1107797,1122676,84,953,16644
F11495#F1438,15551,1157361,1172914,94,954,16644
F1397#F1438,14921,1160170,1175093,80,955,16644
F9126#F1438,15271,1646809,1662083,86,956,16644
F4750#F1438,27351,1259138,1286492,84,957,16644
F313#F1438,14884,1112936,1127823,86,958,16644
F2203#F1438,14927,1098840,1113769,73,959,16644
F10971#F1438,14632,1041180,1055814,81,960,16644
F1041#F1438,15446,1042876,1058324,84,961,16644
F2001#F1438,14699,1055098,1069800,82,962,16644
F19877#F1438,15517,1066780,1082300,85,963,16644
F2977#F1438,14468,1067024,1081496,70,964,16644
F5553#F1438,14735,1077130,1091868,101,965,16644
F10456#F1438,14545,1071317,1085864,72,966,16644
F12637#F1438,14828,1137988,1152819,84,967,16644
F16376#F1438,15451,1690412,1705866,83,968,16644
F11738#F1438,16020,1192546,1208569,82,969,16644
F12321#F1438,15493,1136170,1151666,78,970,16644
F7068#F1438,15199,1114152,1129354,69,971,16644
F2527#F1438,14964,1094056,1109022,70,972,16644
F2274#F1438,14555,1054270,1068827,86,973,16644
F2616#F1438,15730,1086247,1101980,90,974,16644
F2642#F1438,15348,1085064,1100415,87,976,16644
F2893#F1438,15642,1101126,1116771,80,977,16644
F6014#F1438,15637,1125869,1141508,88,978,16644
F14494#F1438,15478,1105782,1121263,73,979,16644
F14651#F1438,15293,1134299,1149594,78,980,16644
F6964#F1438,15388,1764324,1779714,79,981,16644
F7472#F1438,15798,1177944,1193745,70,982,16644
F10054#F1438,15908,1147661,1163571,82,983,16644
F1509#F1438,15642,1169288,1184932,78,984,16644
F553#F1438,15544,1091843,1107389,94,985,16644
F10714#F1438,15359,1043702,1059063,76,986,16644
F13385#F1438,14959,1047910,1062871,78,988,16644
F1169#F1438,15172,1045121,1060296,85,989,16644
F4415#F1438,14980,1063762,1078744,89,990,16644
F1530#F1438,15297,1065987,1081287,83,991,16644
F2913#F1438,15143,1084916,1100061,88,992,16644
F11180#F1438,15174,1059044,1074221,87,993,16644
F4308#F1438,15162,1734044,1749207,80,994,16644
F10057#F1438,16169,1155685,1171857,90,995,16644
F1031#F1438,15360,1110936,1126298,94,996,16644
F1388#F1438,15209,1090513,1105723,81,997,16644
F1787#F1438,15322,1122642,1137966,54,998,16644
F6861#F1438,15397,1088545,1103946,79,999,16644
F1561#F1438,15331,1031786,1047120,75,1001,16644
F11062#F1438,15433,1046275,1061711,68,1002,16644
F1146#F1438,15105,1060152,1075260,89,1003,16644
F3298#F1438,15041,1060028,1075071,78,1004,16644
F18432#F1438,15160,1067155,1082318,77,1005,16644
F3742#F1438,15140,1072065,1087208,83,1006,16644
F4761#F1438,25140,1647752,1672896,86,1007,16644
F2718#F1438,16075,1194649,1210727,94,1009,16644
F10868#F1438,15867,1175341,1191211,85,1010,16644
F1602#F1438,16004,1162252,1178259,79,1011,16644
F7790#F1438,16361,1106986,1123350,79,1013,16644
F10812#F1438,16148,1152038,1168189,78,1014,16644
F10278#F1438,15722,1116628,1132353,91,1016,16644
F10967#F1438,15917,1091048,1106966,91,1017,16644
F1097#F1438,15870,1111370,1127243,93,1018,16644
F2070#F1438,16036,1065910,1081949,82,1019,16644
F13619#F1438,16055,1052952,1069009,84,1020,16644
F359#F1438,15477,1267746,1283226,83,1021,16644
F8710#F1438,25166,1495685,1520856,78,1022,16644
F3835#F1438,16001,1085984,1101987,97,1023,16644
F11551#F1438,15594,1177299,1192895,81,1025,16644
F1681#F1438,16294,1141371,1157668,73,1026,16644
F10603#F1438,16138,1144327,1160468,78,1027,16644
F1086#F1438,16723,1161754,1178479,67,1028,16644
F1693#F1438,15858,1150786,1166646,93,1030,16644
F4497#F1438,16518,1086128,1102648,79,1031,16644
F10641#F1438,16212,1094875,1111089,80,1032,16644
F2327#F1438,16350,1100565,1116918,90,1033,16644
F689#F1438,16672,1058763,1075438,79,1034,16644
F6145#F1438,15660,1264907,1280570,56,1036,16644
F6908#F1438,26658,1519463,1546125,81,1037,16644
F16316#F1438,16615,1095944,1112561,87,1038,16644
F4031#F1438,16612,1131743,1148358,93,1039,16644
F3488#F1438,16659,1184981,1201643,83,1040,16644
F4168#F1438,17099,1111497,1128599,90,1041,16644
F12247#F1438,16188,1093495,1109686,77,1042,16644
F1828#F1438,17076,1157686,1174765,82,1044,16644
F10976#F1438,16560,1146370,1162932,89,1045,16644
F8247#F1438,16382,1083216,1099600,75,1046,16644
F1985#F1438,16340,1091101,1107444,79,1048,16644
F179#F1438,16402,1095708,1112113,82,1049,16644
F1523#F1438,16632,1338605,1355240,87,1050,16644
F4040#F1438,26389,1450517,1476911,75,1051,16644
F2429#F1438,16384,1117639,1134026,88,1052,16644
F5029#F1438,16164,1085795,1101962,89,1053,16644
F6177#F1438,16253,1151520,1167775,70,1054,16644
F7885#F1438,16299,1173427,1189729,79,1055,16644
F5517#F1438,16587,1141223,1157812,83,1057,16644
F4204#F1438,16522,1141288,1157812,92,1058,16644
F18393#F1438,16183,1115734,1131920,79,1059,16644
F2413#F1438,16164,1094609,1110777,82,1060,16644
F10207#F1438,16216,1038154,1054373,74,1061,16644
F1348#F1438,16287,1046028,1062318,79,1062,16644
F12378#F1438,16451,1349386,1365840,81,1063,16644
F10925#F1438,27286,1413885,1441176,82,1065,16644
F977#F1438,16930,1081928,1098861,73,1066,16644
F3939#F1438,16593,1092235,1108830,91,1067,16644
F6290#F1438,17343,1107649,1124995,86,1069,16644
F4402#F1438,16286,1135768,1152057,86,1071,16644
F2750#F1438,16181,1103926,1120110,80,1073,16644
F10530#F1438,17759,1151373,1169136,80,1074,16644
F1766#F1438,18175,1172606,1190783,105,1075,16644
F14714#F1438,16338,1155729,1172069,97,1077,16644
F8614#F1438,17182,1098751,1115936,90,1078,16644
F11044#F1438,17223,1084971,1102196,78,1079,16644
F2817#F1438,17191,1498995,1516189,85,1080,16644
F6420#F1438,26631,1330696,1357331,86,1082,16644
F4097#F1438,17489,1117909,1135400,84,1083,16644
F4699#F1438,17071,1142302,1159375,89,1084,16644
F2714#F1438,17100,1122535,1139637,101,1085,16644
F10023#F1438,16445,1095821,1112268,82,1086,16644
F3498#F1438,16676,1133495,1150173,90,1088,16644
F1138#F1438,16409,1099546,1115957,92,1089,16644
F12129#F1438,16580,1105295,1121877,90,1091,16644
F10358#F1438,16550,1113202,1129754,77,1092,16644
F1337#F1438,17858,1141291,1159151,91,1093,16644
F12330#F1438,17155,1079941,1097098,88,1095,16644
F10013#F1438,17964,1557432,1575398,85,1097,16644
F10480#F1438,28010,1237796,1265810,62,1098,16644
F7756#F1438,17050,1072250,1089302,80,1099,16644
F590#F1438,16838,1069636,1086477,88,1100,16644
F2872#F1438,16528,1105968,1122499,85,1103,16644
F7025#F1438,16789,1068653,1085445,87,1104,16644
F3547#F1438,17240,1160108,1177350,95,1105,16644
F1457#F1438,17381,1167912,1185296,68,1107,16644
F6116#F1438,17221,1159203,1176427,86,1108,16644
F12292#F1438,17917,1134346,1152266,89,1110,16644
F9689#F1438,17419,1163248,1180670,86,1111,16644
F1877#F1438,18111,1102328,1120441,98,1113,16644
F5810#F1438,16972,1594957,1611933,88,1115,16644
F1112#F1438,23707,1121041,1144752,76,1116,16644
F801#F1438,17238,1064432,1081672,82,1117,16644
F1056#F1438,17158,1069781,1086942,98,1118,16644
F4957#F1438,18053,1090729,1108784,75,1119,16644
F8620#F1438,17514,1120989,1138506,95,1120,16644
F217#F1438,16937,1075999,1092940,80,1121,16644
F2173#F1438,17062,1171269,1188333,82,1122,16644
F4217#F1438,17090,1092906,1109999,69,1123,16644
F12059#F1438,17681,1094196,1111881,97,1125,16644
F1903#F1438,17211,1124066,1141280,77,1126,16644
F1043#F1438,17276,1097141,1114420,86,1127,16644
F4855#F1438,17142,1631731,1648876,78,1128,16644
F5475#F1438,18044,1114630,1132677,95,1130,16644
F9163#F1438,18056,1119770,1137830,98,1131,16644
F1608#F1438,17903,1113592,1131498,82,1132,16644
F21#F1438,17532,1097237,1114771,91,1133,16644
F6691#F1438,17745,1133003,1150749,79,1135,16644
F172#F1438,17534,1115640,1133177,79,1140,16644
F1774#F1438,18080,1173272,1191354,90,1142,16644
F11238#F1438,17957,1147666,1165625,88,1143,16644
F2707#F1438,17366,1103827,1121195,85,1144,16644
F1997#F1438,18410,1133887,1152299,73,1146,16644
F1234#F1438,18234,1204896,1223134,79,1148,16644
F3677#F1438,30063,1647518,1677584,79,1149,16644
F5021#F1438,18954,1081871,1100828,93,1151,16644
F7114#F1438,17608,1066683,1084293,84,1152,16644
F2443#F1438,17314,1063331,1080648,102,1153,16644
F1226#F1438,17086,1071375,1088464,83,1154,16644
F3316#F1438,17264,1061793,1079059,83,1156,16644
F4910#F1438,17293,1099811,1117106,87,1157,16644
F111#F1438,17362,1079953,1097317,92,1158,16644
F10823#F1438,17675,1136235,1153912,77,1159,16644
F7119#F1438,17863,1120954,1138820,92,1160,16644
F1692#F1438,18066,1118407,1136475,87,1161,16644
F13914#F1438,17807,1517534,1535344,89,1163,16644
F3165#F1438,29524,1421553,1451081,86,1165,16644
F690#F1438,18891,1121182,1140076,100,1166,16644
F3581#F1438,19823,1091214,1111039,77,1167,16644
F6767#F1438,18776,1122919,1141697,91,1168,16644
F2018#F1438,18740,1110606,1129349,101,1170,16644
F1455#F1438,18942,1113032,1131976,86,1171,16644
F8155#F1438,18363,1152219,1170585,81,1172,16644
F1100#F1438,18088,1130015,1148105,91,1173,16644
F466#F1438,18107,1157147,1175256,88,1174,16644
F7598#F1438,18453,1190685,1209141,85,1175,16644
F5120#F1438,18389,1148979,1167370,95,1176,16644
F3337#F1438,18324,1710311,1728638,83,1177,16644
F2105#F1438,19669,1177992,1197664,75,1178,16644
F4611#F1438,19073,1084370,1103446,94,1179,16644
F12006#F1438,18659,1043486,1062148,78,1180,16644
F10807#F1438,17871,1077580,1095453,78,1181,16644
F49#F1438,18171,1067763,1085936,85,1182,16644
F5909#F1438,18059,1068676,1086737,84,1183,16644
F17381#F1438,18073,1092726,1110802,79,1184,16644
F4292#F1438,18079,1092556,1110638,95,1186,16644
F4581#F1438,19112,1130933,1150048,89,1188,16644
F2929#F1438,18742,1195355,1214100,89,1189,16644
F14754#F1438,18492,1261871,1280366,90,1190,16644
F1713#F1438,30349,1599148,1629502,100,1193,16644
F3179#F1438,18979,1154703,1173684,96,1194,16644
F2258#F1438,20557,1191089,1211648,88,1195,16644
F1747#F1438,19238,1105755,1124995,91,1196,16644
F584#F1438,18953,1096138,1115093,92,1197,16644
F9968#F1438,19311,1103592,1122906,95,1198,16644
F1255#F1438,18920,1131282,1150204,70,1199,16644
F10696#F1438,19183,1105902,1125087,72,1201,16644
F1574#F1438,19543,1153300,1172846,78,1204,16644
F14468#F1438,19521,1125825,1145348,75,1205,16644
F1941#F1438,19203,1166562,1185768,72,1206,16644
F1786#F1438,19151,1449945,1469099,76,1207,16644
F3416#F1438,30221,1440565,1470791,98,1208,16644
F1808#F1438,18958,1124251,1143211,96,1209,16644
F4425#F1438,19376,1168497,1187876,99,1210,16644
F1954#F1438,19035,1143692,1162729,95,1211,16644
F4666#F1438,19407,1039846,1059256,87,1212,16644
F11249#F1438,18157,1051663,1069822,69,1214,16644
F7187#F1438,18326,1077957,1096285,98,1216,16644
F1611#F1438,18686,1079830,1098518,78,1218,16644
F602#F1438,18558,1082748,1101309,102,1221,16644
F45#F1438,20128,1132784,1152914,80,1222,16644
F6512#F1438,19311,1116285,1135599,86,1223,16644
F10267#F1438,19407,1493248,1512657,94,1226,16644
F187#F1438,32131,1468394,1500529,95,1227,16644
F3193#F1438,19645,1140526,1160173,72,1229,16644
F1000#F1438,20013,1155452,1175467,84,1230,16644
F3141#F1438,20085,1185409,1205496,85,1233,16644
F8681#F1438,19602,1123159,1142764,97,1234,16644
F2396#F1438,19751,1083468,1103221,92,1235,16644
F1504#F1438,19110,1109874,1128986,84,1236,16644
F430#F1438,19358,1108100,1127461,88,1237,16644
F1345#F1438,19382,1116319,1135703,87,1238,16644
F1154#F1438,19618,1143321,1162941,82,1239,16644
F10073#F1438,19478,1124124,1143605,80,1240,16644
F1909#F1438,19468,1530766,1550237,89,1241,16644
F2603#F1438,31292,1415386,1446682,95,1242,16644
F1401#F1438,19905,1108942,1128850,88,1243,16644
F1125#F1438,19466,1100094,1119563,93,1244,16644
F1689#F1438,19006,1110825,1129833,92,1245,16644
F1032#F1438,19830,1160201,1180034,98,1246,16644
F7933#F1438,19620,1085025,1104648,71,1249,16644
F1135#F1438,20246,1116170,1136418,80,1250,16644
F2265#F1438,19566,1075466,1095034,95,1255,16644
F1725#F1438,19741,1110140,1129883,97,1257,16644
F3214#F1438,20003,1112694,1132699,83,1258,16644
F10583#F1438,20100,1144724,1164826,87,1259,16644
F2166#F1438,19887,1559488,1579377,93,1261,16644
F7267#F1438,32646,1355294,1387943,70,1262,16644
F9099#F1438,19647,1137508,1157158,78,1264,16644
F651#F1438,19572,1103019,1122593,91,1265,16644
F240#F1438,19364,1104368,1123734,94,1266,16644
F1927#F1438,19678,1122344,1142024,101,1267,16644
F2023#F1438,19474,1085930,1105406,83,1268,16644
F5785#F1438,19222,1060942,1080166,91,1269,16644
F11042#F1438,20433,1082749,1103184,91,1270,16644
F12596#F1438,19088,1078338,1097428,102,1271,16644
F8198#F1438,19260,1074158,1093419,99,1272,16644
F4332#F1438,19308,1098514,1117824,90,1273,16644
F1124#F1438,19157,1534740,1553899,99,1274,16644
F1295#F1438,31690,1338051,1369745,66,1275,16644
F2873#F1438,20468,1177012,1197483,91,1277,16644
F1865#F1438,19486,1112727,1132216,95,1278,16644
F28553#F1438,19084,1110600,1129686,66,1279,16644
F2967#F1438,19114,1084205,1103322,81,1280,16644
F6884#F1438,19161,1138206,1157370,86,1281,16644
F4976#F1438,19543,1058761,1078307,88,1282,16644
F10680#F1438,19451,1048845,1068297,90,1284,16644
F9182#F1438,20276,1086192,1106470,93,1285,16644
F11511#F1438,19899,1068420,1088322,104,1286,16644
F10899#F1438,19915,1060881,1080799,82,1287,16644
F1171#F1438,19512,1682473,1701987,102,1288,16644
F8888#F1438,27259,1166683,1193945,86,1290,16644
F1654#F1438,20502,1150570,1171075,87,1291,16644
F1886#F1438,21061,1180373,1201436,98,1292,16644
F2689#F1438,19657,1097408,1117068,87,1293,16644
F400#F1438,19896,1098512,1118411,76,1294,16644
F12993#F1438,20016,1129269,1149288,98,1295,16644
F9114#F1438,20207,1106703,1126912,92,1296,16644
F11000#F1438,19622,1053667,1073291,94,1297,16644
F3753#F1438,20041,1067039,1087083,88,1298,16644
F4942#F1438,19906,1061738,1081646,106,1299,16644
F1899#F1438,20106,1070365,1090475,93,1300,16644
F2498#F1438,20781,1673775,1694560,87,1301,16644
F1675#F1438,20643,1162375,1183020,92,1302,16644
F7286#F1438,21377,1146623,1168002,86,1303,16644
F4946#F1438,20137,1109909,1130049,104,1305,16644
F0#F1438,20158,1168622,1188783,78,1307,16644
F7857#F1438,20167,1094502,1114672,88,1308,16644
F1805#F1438,19635,1099325,1118962,100,1309,16644
F5239#F1438,19584,1135318,1154904,100,1311,16644
F5999#F1438,19813,1069689,1089505,96,1312,16644
F10575#F1438,20162,1048176,1068341,91,1313,16644
F6146#F1438,20445,1076603,1097051,79,1314,16644
F1653#F1438,19578,1087047,1106628,81,1318,16644
F5199#F1438,20490,1636419,1656912,86,1322,16644
F2765#F1438,22096,1137938,1160038,87,1327,16644
F8190#F1438,20449,1096706,1117158,96,1328,16644
F160#F1438,20608,1094674,1115285,85,1330,16644
F8851#F1438,20612,1162724,1183338,98,1332,16644
F1425#F1438,20625,1107556,1128183,79,1333,16644
F21909#F1438,20634,1097289,1117925,85,1335,16644
F897#F1438,21537,1125034,1146574,85,1336,16644
F1445#F1438,20528,1134432,1154961,91,1337,16644
F1332#F1438,20411,1059157,1079570,87,1338,16644
F1058#F1438,20919,1065622,1086544,92,1341,16644
F7298#F1438,20671,1238402,1259076,76,1342,16644
F3004#F1438,34046,1494667,1528717,102,1343,16644
F6345#F1438,21488,1093659,1115149,88,1344,16644
F9441#F1438,20452,1092794,1113248,85,1347,16644
F12959#F1438,20683,1092708,1113394,94,1348,16644
F4675#F1438,21150,1104636,1125789,90,1349,16644
F662#F1438,20906,1146075,1166983,90,1350,16644
F1697#F1438,20250,1108180,1128433,90,1351,16644
F7721#F1438,20522,1107774,1128299,72,1355,16644
F2282#F1438,21264,1125699,1146966,75,1356,16644
F3381#F1438,22246,1111599,1133848,92,1359,16644
F556#F1438,21963,1088967,1110933,102,1360,16644
F2723#F1438,21142,1351464,1372608,90,1361,16644
F324#F1438,33420,1397221,1430645,88,1362,16644
F3978#F1438,21886,1076098,1097987,97,1363,16644
F1311#F1438,20693,1077364,1098060,85,1364,16644
F2678#F1438,22566,1147009,1169578,89,1365,16644
F1360#F1438,21393,1148521,1169917,92,1367,16644
F1596#F1438,21709,1151834,1173545,90,1369,16644
F3495#F1438,21743,1177453,1199199,75,1370,16644
F3997#F1438,21137,1109631,1130771,95,1371,16644
F1968#F1438,20560,1103753,1124316,102,1373,16644
F1347#F1438,20574,1129466,1150043,96,1375,16644
F3812#F1438,20801,1077808,1098611,106,1376,16644
F3415#F1438,21544,1430602,1452149,99,1379,16644
F3634#F1438,35011,1342249,1377264,109,1380,16644
F2715#F1438,22590,1108007,1130600,96,1381,16644
F79#F1438,22049,1124888,1146939,105,1386,16644
F6557#F1438,21929,1086756,1108687,61,1388,16644
F4701#F1438,21024,1091667,1112694,72,1389,16644
F372#F1438,22441,1138960,1161403,87,1391,16644
F2061#F1438,22045,1207976,1230025,86,1397,16644
F2632#F1438,22184,1161341,1183528,88,1398,16644
F11846#F1438,22078,1143880,1165962,95,1400,16644
F5291#F1438,22594,1151301,1173897,72,1402,16644
F237#F1438,22728,1153679,1176411,94,1403,16644
F8331#F1438,22644,1560583,1583229,55,1408,16644
F8259#F1438,35625,1274378,1310007,86,1410,16644
F2445#F1438,22288,1121401,1143692,99,1414,16644
F3534#F1438,22769,1060608,1083380,81,1415,16644
F12595#F1438,22615,1125447,1148064,95,1417,16644
F6072#F1438,22389,1150697,1173089,107,1418,16644
F4062#F1438,22206,1133045,1155254,89,1419,16644
F10230#F1438,22404,1165189,1187596,89,1420,16644
F4464#F1438,22529,1184430,1206961,105,1423,16644
F1807#F1438,22239,1146547,1168789,95,1424,16644
F4072#F1438,22534,1153228,1175764,88,1428,16644
F2886#F1438,22600,1145920,1168522,83,1429,16644
F10468#F1438,21850,1659656,1681510,68,1431,16644
F381#F1438,22870,1131894,1154767,72,1434,16644
F4978#F1438,22477,1067558,1090037,79,1435,16644
F2421#F1438,22063,1062995,1085061,98,1438,16644
F4091#F1438,22595,1111248,1133846,96,1439,16644
F3262#F1438,22536,1149919,1172458,94,1442,16644
F15014#F1438,22548,1152991,1175541,87,1445,16644
F3517#F1438,22007,1091131,1113141,94,1449,16644
F3826#F1438,21934,1135223,1157159,113,1451,16644
F1343#F1438,22266,1119384,1141652,104,1452,16644
F6712#F1438,22516,1106054,1128573,110,1453,16644
F1163#F1438,22174,1100666,1122843,94,1454,16644
F9396#F1438,22205,1753173,1775381,80,1458,16644
F3281#F1438,23638,1110133,1133774,92,1460,16644
F36#F1438,22925,1062371,1085298,87,1463,16644
F5596#F1438,23384,1105287,1128674,115,1464,16644
F2194#F1438,23314,1119315,1142631,91,1466,16644
F2758#F1438,23369,1127192,1150563,98,1467,16644
F5#F1438,23242,1142682,1165926,84,1468,16644
F9772#F1438,22682,1100542,1123228,76,1469,16644
F3278#F1438,22405,1107240,1129648,103,1470,16644
F6524#F1438,22495,1149102,1171599,88,1471,16644
F1579#F1438,23580,1107475,1131057,92,1475,16644
F2936#F1438,24264,1489580,1513847,88,1476,16644
F3235#F1438,35462,1448917,1484382,53,1478,16644
F9103#F1438,22717,1109604,1132324,94,1480,16644
F1519#F1438,23185,1065120,1088308,107,1481,16644
F5703#F1438,22600,1066898,1089501,82,1482,16644
F546#F1438,22553,1063529,1086085,96,1483,16644
F369#F1438,23498,1098661,1122162,98,1488,16644
F2211#F1438,23709,1142685,1166396,96,1490,16644
F2667#F1438,24057,1149630,1173690,100,1491,16644
F12344#F1438,23738,1147484,1171224,93,1494,16644
F1710#F1438,23093,1128485,1151580,95,1498,16644
F13857#F1438,23279,1115428,1138710,111,1501,16644
F3341#F1438,23210,1693814,1717027,93,1502,16644
F9230#F1438,23895,1171973,1195871,92,1503,16644
F7051#F1438,23340,1151140,1174483,98,1506,16644
F2671#F1438,23976,1118302,1142281,103,1509,16644
F41#F1438,24162,1104549,1128714,97,1510,16644
F13032#F1438,24597,1120464,1145063,101,1511,16644
F1225#F1438,24408,1115864,1140274,101,1518,16644
F2693#F1438,24913,1139164,1164080,93,1520,16644
F3351#F1438,24294,1144837,1169134,92,1521,16644
F2985#F1438,23711,1154785,1178499,96,1523,16644
F1711#F1438,23957,1115766,1139726,77,1527,16644
F2217#F1438,24329,1124579,1148911,105,1528,16644
F5266#F1438,24864,1729166,1754033,76,1529,16644
F8321#F1438,25106,1157659,1182768,66,1531,16644
F4087#F1438,23671,1135689,1159363,96,1532,16644
F2317#F1438,22859,1096324,1119187,99,1533,16644
F603#F1438,22920,1071976,1094898,99,1535,16644
F3089#F1438,24360,1064337,1088700,99,1536,16644
F7518#F1438,24712,1111673,1136390,93,1538,16644
F1790#F1438,24077,1127328,1151408,102,1539,16644
F3922#F1438,24907,1158099,1183010,92,1541,16644
F236#F1438,24667,1148761,1173430,85,1542,16644
F225#F1438,24405,1154853,1179260,107,1546,16644
F933#F1438,24497,1552115,1576616,80,1552,16644
F6818#F1438,39288,1398936,1438227,93,1553,16644
F4101#F1438,24332,1108599,1132934,85,1557,16644
F4116#F1438,23734,1143703,1167441,102,1558,16644
F249#F1438,24948,1185554,1210505,93,1559,16644
F3882#F1438,24398,1127671,1152071,92,1560,16644
F3538#F1438,24881,1084569,1109452,84,1563,16644
F492#F1438,25053,1133070,1158125,114,1568,16644
F4252#F1438,24731,1121011,1145745,96,1569,16644
F12938#F1438,23754,1126535,1150292,93,1572,16644
F3071#F1438,25428,1110924,1136355,89,1580,16644
F5257#F1438,24011,1106637,1130651,100,1582,16644
F1185#F1438,24284,1729164,1753451,106,1585,16644
F1481#F1438,26893,1191157,1218053,95,1588,16644
F2572#F1438,24651,1108745,1133399,98,1590,16644
F7489#F1438,24694,1113542,1138238,110,1591,16644
F323#F1438,23968,1144529,1168499,71,1594,16644
F3762#F1438,24310,1075897,1100209,98,1596,16644
F1212#F1438,24510,1097287,1121799,99,1597,16644
F4759#F1438,24724,1074406,1099133,103,1601,16644
F1792#F1438,24628,1077386,1102017,94,1603,16644
F708#F1438,24909,1099356,1124266,106,1610,16644
F5056#F1438,24699,1117724,1142426,90,1611,16644
F1716#F1438,26055,1146179,1172237,95,1616,16644
F1186#F1438,26091,1699692,1725785,73,1627,16644
F2841#F1438,26207,1205321,1231530,92,1628,16644
F229#F1438,25204,1173325,1198532,100,1629,16644
F6998#F1438,26978,1155044,1182025,80,1636,16644
F6416#F1438,26356,1176558,1202917,89,1637,16644
F1929#F1438,26673,1148984,1175660,87,1639,16644
F576#F1438,26644,1121273,1147919,100,1642,16644
F404#F1438,25518,1110520,1136039,92,1643,16644
F12954#F1438,25629,1124586,1150217,96,1647,16644
F3998#F1438,25920,1091137,1117060,83,1654,16644
F1868#F1438,25078,1104158,1129239,95,1655,16644
F8292#F1438,25923,1180084,1206010,84,1656,16644
F1544#F1438,41346,1652523,1693874,102,1657,16644
F5629#F1438,26107,1145494,1171604,114,1659,16644
F2787#F1438,26077,1158322,1184401,106,1660,16644
F1242#F1438,25462,1118169,1143633,95,1663,16644
F5727#F1438,25217,1120385,1145604,103,1664,16644
F3046#F1438,25889,1136388,1162280,97,1669,16644
F513#F1438,25457,1101154,1126613,97,1673,16644
F1038#F1438,25018,1076315,1101335,85,1675,16644
F6361#F1438,25669,1081150,1106821,86,1682,16644
F12191#F1438,25157,1082422,1107580,109,1684,16644
F2235#F1438,24985,1079290,1104277,86,1685,16644
F156#F1438,27747,1440199,1467949,96,1686,16644
F440#F1438,42043,1452800,1494848,94,1688,16644
F3444#F1438,26197,1146553,1172753,106,1692,16644
F2199#F1438,27413,1176095,1203510,104,1693,16644
F3979#F1438,27564,1180431,1207997,91,1700,16644
F377#F1438,27500,1163400,1190902,99,1702,16644
F1590#F1438,27764,1119381,1147147,95,1708,16644
F596#F1438,27044,1172134,1199181,108,1709,16644
F1785#F1438,27823,1129552,1157377,104,1710,16644
F4228#F1438,26550,1106424,1132977,102,1712,16644
F11267#F1438,27305,1129320,1156627,84,1713,16644
F5026#F1438,27369,1113621,1140992,95,1714,16644
F4230#F1438,27761,1612375,1640139,101,1715,16644
F3894#F1438,43162,1277220,1320385,105,1716,16644
F452#F1438,27614,1149142,1176760,88,1719,16644
F10709#F1438,27785,1161542,1189330,105,1720,16644
F7484#F1438,26974,1200073,1227050,112,1721,16644
F1857#F1438,27508,1153700,1181210,89,1722,16644
F5873#F1438,26758,1156580,1183341,92,1723,16644
F351#F1438,27376,1189766,1217144,102,1726,16644
F1969#F1438,27313,1137326,1164642,102,1727,16644
F1288#F1438,27343,1117628,1144973,83,1734,16644
F410#F1438,27409,1122964,1150375,88,1736,16644
F4318#F1438,27335,1126683,1154021,79,1741,16644
F1437#F1438,28327,1702501,1730830,98,1744,16644
F2960#F1438,29324,1152926,1182253,97,1748,16644
F4980#F1438,26925,1115698,1142626,91,1750,16644
F2859#F1438,26908,1114448,1141358,107,1752,16644
F6740#F1438,27103,1149842,1176948,98,1753,16644
F75#F1438,26612,1132779,1159394,101,1758,16644
F4021#F1438,26809,1108550,1135361,90,1760,16644
F8183#F1438,26642,1135496,1162140,81,1763,16644
F3114#F1438,27493,1116098,1143593,88,1769,16644
F10795#F1438,27397,1085231,1112631,97,1773,16644
F3632#F1438,28407,1053331,1081740,107,1778,16644
F2029#F1438,27102,1079701,1106806,88,1780,16644
F3490#F1438,27830,1670021,1697854,91,1784,16644
F1213#F1438,28445,1133611,1162059,109,1785,16644
F256#F1438,27793,1122220,1150015,112,1786,16644
F1680#F1438,29061,1157915,1186979,106,1787,16644
F4094#F1438,29723,1162167,1191893,85,1801,16644
F4164#F1438,27253,1156096,1183352,91,1809,16644
F3770#F1438,27787,1118235,1146024,121,1811,16644
F2288#F1438,27819,1107981,1135802,112,1820,16644
F5251#F1438,28844,1149807,1178653,99,1830,16644
F12372#F1438,28551,1108930,1137482,98,1841,16644
F1482#F1438,28029,1108629,1136660,100,1844,16644
F5507#F1438,29119,1320721,1349844,103,1847,16644
F11959#F1438,45769,1482780,1528553,105,1848,16644
F298#F1438,28697,1099259,1127958,102,1849,16644
F3661#F1438,29006,1104138,1133146,102,1851,16644
F677#F1438,28441,1121463,1149906,106,1852,16644
F2369#F1438,28453,1111378,1139834,97,1854,16644
F3724#F1438,28457,1105348,1133808,82,1855,16644
F2071#F1438,28038,1168196,1196237,116,1857,16644
F7483#F1438,28148,1109260,1137411,108,1872,16644
F28#F1438,28887,1112741,1141631,107,1878,16644
F5591#F1438,29438,1164239,1193679,94,1890,16644
F1376#F1438,28480,1083530,1112012,98,1900,16644
F6992#F1438,29118,1486761,1515881,112,1913,16644
F4788#F1438,49340,1335856,1385200,104,1919,16644
F1417#F1438,30295,1139487,1169784,75,1920,16644
F470#F1438,30507,1102799,1133309,103,1925,16644
F159#F1438,31433,1158493,1189929,99,1939,16644
F2212#F1438,29770,1114134,1143907,125,1943,16644
F1823#F1438,29767,1113041,1142811,105,1946,16644
F2958#F1438,29345,1166669,1196016,111,1947,16644
F4748#F1438,29550,1147010,1176562,112,1951,16644
F2366#F1438,30640,1140441,1171083,112,1959,16644
F7256#F1438,32592,1145033,1177628,110,1967,16644
F550#F1438,30553,1120837,1151393,87,1970,16644
F6213#F1438,30567,1651137,1681708,110,1988,16644
F367#F1438,32420,1175131,1207554,74,1989,16644
F2263#F1438,32944,1127894,1160840,113,1992,16644
F450#F1438,31411,1138650,1170064,92,1998,16644
F358#F1438,32194,1151068,1183265,104,2005,16644
F2557#F1438,31895,1177940,1209838,114,2016,16644
F864#F1438,32461,1157179,1189643,106,2018,16644
F12791#F1438,32266,1186066,1218335,103,2019,16644
F1132#F1438,31538,1144780,1176321,113,2021,16644
F9239#F1438,31233,1127448,1158685,100,2027,16644
F431#F1438,31533,1120872,1152407,106,2031,16644
F1937#F1438,31198,1216599,1247801,95,2033,16644
F4824#F1438,52179,1596646,1648830,96,2048,16644
F2051#F1438,31979,1159761,1191744,96,2050,16644
F7554#F1438,33195,1132313,1165511,106,2059,16644
F1291#F1438,31504,1109871,1141379,100,2062,16644
F955#F1438,32637,1152017,1184656,115,2072,16644
F2636#F1438,32240,1153840,1186082,105,2083,16644
F2581#F1438,33254,1174407,1207664,104,2090,16644
F4065#F1438,34875,1167669,1202547,119,2097,16644
F3562#F1438,33678,1219631,1253311,90,2098,16644
F637#F1438,33921,1170992,1204916,119,2101,16644
F7291#F1438,33079,1164434,1197515,100,2105,16644
F1667#F1438,33413,1728706,1762122,118,2109,16644
F121#F1438,50194,1187592,1237790,90,2112,16644
F2027#F1438,32462,1133101,1165566,98,2114,16644
F5901#F1438,33830,1133087,1166920,102,2115,16644
F7245#F1438,33787,1137917,1171707,98,2118,16644
F6182#F1438,33815,1146135,1179952,99,2140,16644
F3070#F1438,34427,1170264,1204694,98,2141,16644
F4807#F1438,34029,1175720,1209752,100,2159,16644
F46#F1438,33481,1174010,1207494,122,2160,16644
F1165#F1438,33561,1201856,1235419,103,2168,16644
F224#F1438,35843,1198681,1234526,110,2175,16644
F1500#F1438,35423,1273536,1308962,96,2183,16644
F2502#F1438,58756,1626510,1685271,102,2189,16644
F5210#F1438,34012,1180580,1214595,100,2193,16644
F842#F1438,34751,1152215,1186968,113,2206,16644
F779#F1438,34821,1072769,1107593,112,2221,16644
F5941#F1438,33417,1087564,1120983,108,2223,16644
F2774#F1438,33328,1105897,1139228,110,2225,16644
F5558#F1438,35512,1158399,1193913,117,2226,16644
F2268#F1438,34810,1187914,1222726,80,2228,16644
F6644#F1438,35449,1168084,1203536,107,2243,16644
F2138#F1438,35010,1143888,1178901,105,2244,16644
F299#F1438,35310,1199411,1234724,107,2250,16644
F2730#F1438,35215,1743025,1778243,113,2255,16644
F3509#F1438,36476,1224356,1260835,118,2271,16644
F5391#F1438,36469,1191241,1227713,77,2276,16644
F764#F1438,36848,1151833,1188683,105,2277,16644
F6790#F1438,35533,1134805,1170340,95,2284,16644
F3209#F1438,34463,1131902,1166369,111,2287,16644
F4800#F1438,35920,1139319,1175242,111,2292,16644
F3935#F1438,36883,1159923,1196809,118,2306,16644
F11796#F1438,36191,1179974,1216168,84,2313,16644
F2185#F1438,36933,1171187,1208123,97,2316,16644
F20#F1438,36457,1172633,1209093,105,2320,16644
F5964#F1438,37190,1328436,1365630,116,2321,16644
F4069#F1438,58020,1636056,1694080,109,2324,16644
F666#F1438,36446,1191642,1228091,118,2329,16644
F1173#F1438,37589,1185045,1222638,97,2336,16644
F1959#F1438,37834,1101036,1138873,105,2377,16644
F5824#F1438,36158,1100876,1137037,109,2381,16644
F9436#F1438,36800,1081843,1118646,107,2393,16644
F389#F1438,35430,1137458,1172891,108,2399,16644
F80#F1438,35856,1108728,1144586,102,2402,16644
F4024#F1438,37783,1126930,1164716,118,2433,16644
F1559#F1438,36299,1157951,1194253,116,2447,16644
F3582#F1438,37573,1171029,1208605,112,2449,16644
F1745#F1438,38229,1772311,1810543,91,2456,16644
F4262#F1438,39459,1203959,1243421,109,2467,16644
F326#F1438,38411,1188001,1226416,109,2469,16644
F115#F1438,40473,1197204,1237679,98,2484,16644
F2495#F1438,39325,1168703,1208030,109,2485,16644
F1270#F1438,38861,1142882,1181746,107,2495,16644
F1274#F1438,39721,1136805,1176528,111,2499,16644
F6570#F1438,39473,1144487,1183962,117,2505,16644
F468#F1438,40310,1166377,1206689,118,2518,16644
F2505#F1438,39969,1177353,1217325,124,2519,16644
F525#F1438,40795,1182963,1223760,123,2526,16644
F2983#F1438,40403,1257705,1298111,110,2527,16644
F5039#F1438,65595,1672594,1738193,111,2572,16644
F4208#F1438,40724,1217598,1258324,115,2588,16644
F2474#F1438,41738,1175365,1217106,110,2605,16644
F1442#F1438,42728,1186587,1229317,106,2606,16644
F2651#F1438,41901,1184843,1226747,118,2613,16644
F423#F1438,41148,1103499,1144651,118,2614,16644
F1518#F1438,42197,1147304,1189503,109,2632,16644
F220#F1438,41292,1148153,1189448,117,2648,16644
F1779#F1438,42027,1172148,1214177,121,2699,16644
F1328#F1438,41653,1184470,1226124,120,2707,16644
F6838#F1438,42327,1192682,1235010,87,2724,16644
F593#F1438,42360,1708697,1751060,119,2730,16644
F6573#F1438,43086,1192590,1235680,101,2734,16644
F2840#F1438,41838,1188297,1230137,108,2753,16644
F2538#F1438,43573,1201994,1245570,123,2758,16644
F4346#F1438,44681,1199564,1244248,111,2798,16644
F4090#F1438,44090,1184659,1228751,133,2828,16644
F35#F1438,44206,1171193,1215401,120,2853,16644
F5780#F1438,44059,1098130,1142192,119,2874,16644
F2590#F1438,43759,1115127,1158888,102,2876,16644
F268#F1438,47648,1160054,1207705,115,2927,16644
F2112#F1438,46642,1172533,1219177,115,2964,16644
F85#F1438,46770,1383715,1430488,128,2967,16644
F1172#F1438,76168,1587845,1664018,126,2975,16644
F1392#F1438,46017,1183790,1229810,124,2987,16644
F219#F1438,46980,1255262,1302244,128,2992,16644
F608#F1438,48005,1211255,1259262,129,3055,16644
F3223#F1438,47859,1198607,1246467,127,3061,16644
F2934#F1438,48814,1209296,1258113,123,3070,16644
F1453#F1438,47265,1188923,1236191,112,3110,16644
F736#F1438,47877,1101417,1149297,122,3162,16644
F193#F1438,47617,1121483,1169103,108,3174,16644
F621#F1438,48616,1136515,1185133,117,3175,16644
F290#F1438,49699,1178943,1228645,128,3191,16644
F3944#F1438,50449,1746711,1797162,116,3211,16644
F260#F1438,50266,1223620,1273889,126,3251,16644
F391#F1438,52502,1196762,1249267,115,3294,16644
F6425#F1438,50187,1208359,1258549,83,3315,16644
F3340#F1438,51155,1172854,1224011,99,3331,16644
F6530#F1438,51830,1140404,1192237,98,3359,16644
F1030#F1438,51622,1183847,1235471,106,3375,16644
F2248#F1438,51157,1143694,1194853,112,3396,16644
F4053#F1438,50767,1120140,1170909,129,3404,16644
F2824#F1438,51113,1129494,1180609,97,3414,16644
F412#F1438,54645,1120945,1175592,105,3426,16644
F1250#F1438,54513,1749398,1803914,106,3556,16644
F994#F1438,56935,1234764,1291701,124,3608,16644
F1789#F1438,55092,1160871,1215966,111,3635,16644
F4180#F1438,55316,1165245,1220564,130,3640,16644
F5658#F1438,59183,1278544,1337730,122,3683,16644
F264#F1438,58674,1220052,1278728,117,3701,16644
F4142#F1438,57455,1174816,1232274,111,3711,16644
F1699#F1438,58906,1188479,1247387,132,3815,16644
F103#F1438,59286,1159465,1218753,131,3879,16644
F4917#F1438,59685,1149933,1209620,121,3880,16644
F2054#F1438,57758,1130734,1188495,101,3883,16644
F2430#F1438,57860,1635262,1693124,149,3898,16644
F2953#F1438,99128,1295357,1394489,136,3935,16644
F6519#F1438,59993,1188746,1248741,111,4023,16644
F776#F1438,63123,1185854,1248980,78,4169,16644
F1671#F1438,65674,1189064,1254741,143,4231,16644
F1227#F1438,69188,1273719,1342909,151,4421,16644
F2631#F1438,70429,1200652,1271084,120,4427,16644
F1313#F1438,67787,1206603,1274393,127,4489,16644
F1235#F1438,72081,1212028,1284112,131,4563,16644
F3699#F1438,73706,1165204,1238912,131,4728,16644
F6996#F1438,82581,1205732,1288316,118,5274,16644
F133#F1438,84788,1707440,1792232,151,5726,16644
F78#F1438,117614,1334768,1452386,141,6135,16644
F1107#F1438,109579,1328115,1437697,204,6969,16644
F177#F1438,144405,1344666,1489074,140,9411,16644
F1695#F1438,143406,1333952,1477360,139,9518,16644
F845#F1438,161420,1447656,1609078,144,10268,16644
F774#F1438,247604,1595718,1843325,200,15868,16644
F1438#F1438,268682,1597818,1866504,16644,16644,16644
