keyword,clientTime,serverTime,totalTime,resultLength,payloadSize,w1,w2
F10031#F1438,124,42,169,0,48,1,16644
F1021#F1438,157,59,218,0,96,2,16644
F10467#F1438,106,106,213,0,144,3,16644
F11486#F1438,132,100,233,0,192,4,16644
F10068#F1438,88,47,137,0,240,5,16644
F10259#F1438,118,107,227,0,288,6,16644
F12293#F1438,107,97,206,0,336,7,16644
F10311#F1438,113,80,195,0,384,8,16644
F13312#F1438,98,109,208,0,432,9,16644
F10800#F1438,104,153,259,0,480,10,16644
F1308#F1438,103,62,167,0,528,11,16644
F10693#F1438,135,87,224,0,576,12,16644
F11138#F1438,120,91,213,0,624,13,16644
F10159#F1438,134,83,219,0,672,14,16644
F11380#F1438,105,114,220,0,720,15,16644
F1047#F1438,104,154,259,0,768,16,16644
F10072#F1438,155,82,239,0,816,17,16644
F10516#F1438,131,98,230,0,864,18,16644
F10454#F1438,132,147,281,0,912,19,16644
F14280#F1438,136,144,281,0,960,20,16644
F10544#F1438,116,142,259,0,1008,21,16644
F10744#F1438,118,130,250,0,1056,22,16644
F10374#F1438,106,124,231,0,1104,23,16644
F1029#F1438,165,96,263,0,1152,24,16644
F12029#F1438,120,135,256,0,1200,25,16644
F10595#F1438,121,83,206,0,1248,26,16644
F10700#F1438,114,93,208,0,1296,27,16644
F10165#F1438,117,127,246,0,1344,28,16644
F10922#F1438,113,128,243,0,1392,29,16644
F10398#F1438,116,88,206,0,1440,30,16644
F10802#F1438,135,137,273,0,1488,31,16644
F10166#F1438,124,104,229,0,1536,32,16644
F13268#F1438,150,139,290,0,1584,33,16644
F10043#F1438,127,116,244,0,1632,34,16644
F11321#F1438,128,135,265,0,1680,35,16644
F10115#F1438,130,91,222,0,1728,36,16644
F11053#F1438,128,143,273,0,1776,37,16644
F11114#F1438,126,101,228,0,1824,38,16644
F10237#F1438,162,98,262,0,1872,39,16644
F10942#F1438,133,148,282,0,1920,40,16644
F10450#F1438,140,101,243,0,1968,41,16644
F11220#F1438,144,105,250,0,2016,42,16644
F10055#F1438,188,109,299,0,2064,43,16644
F10494#F1438,147,101,249,0,2112,44,16644
F10158#F1438,147,99,247,0,2160,45,16644
F10205#F1438,157,112,270,0,2208,46,16644
F10813#F1438,149,111,261,0,2256,47,16644
F10081#F1438,168,109,279,0,2304,48,16644
F10014#F1438,165,114,280,0,2352,49,16644
F10136#F1438,160,108,269,0,2400,50,16644
F11604#F1438,164,156,321,0,2448,51,16644
F10195#F1438,156,160,318,0,2496,52,16644
F10355#F1438,173,161,336,0,2544,53,16644
F11076#F1438,172,124,297,0,2592,54,16644
F10378#F1438,186,152,340,0,2640,55,16644
F10547#F1438,199,131,332,0,2688,56,16644
F10463#F1438,177,169,348,0,2736,57,16644
F10020#F1438,177,118,297,0,2784,58,16644
F10541#F1438,187,123,310,0,2832,59,16644
F10032#F1438,209,133,344,0,2880,60,16644
F10178#F1438,199,118,318,0,2928,61,16644
F10121#F1438,188,128,317,0,2976,62,16644
F10305#F1438,241,119,361,0,3024,63,16644
F10033#F1438,224,123,349,0,3072,64,16644
F10143#F1438,226,127,355,0,3120,65,16644
F10141#F1438,224,185,410,0,3168,66,16644
F10961#F1438,187,138,326,0,3216,67,16644
F10873#F1438,217,202,424,0,3264,68,16644
F10317#F1438,196,139,337,0,3312,69,16644
F10170#F1438,238,181,421,0,3360,70,16644
F10636#F1438,213,148,362,0,3408,71,16644
F10037#F1438,191,142,334,0,3456,72,16644
F1003#F1438,225,146,372,0,3504,73,16644
F10691#F1438,258,155,414,0,3552,74,16644
F10338#F1438,245,168,415,0,3600,75,16644
F1005#F1438,220,132,354,0,3648,76,16644
F10152#F1438,242,165,409,0,3696,77,16644
F10313#F1438,227,157,385,0,3744,78,16644
F10217#F1438,231,209,441,0,3792,79,16644
F10437#F1438,224,140,365,0,3840,80,16644
F10286#F1438,246,145,393,0,3888,81,16644
F1095#F1438,250,145,397,0,3936,82,16644
F10380#F1438,246,203,451,0,3984,83,16644
F10377#F1438,243,209,453,0,4032,84,16644
F10139#F1438,253,162,417,0,4080,85,16644
F1153#F1438,246,154,402,0,4128,86,16644
F10561#F1438,263,163,427,0,4176,87,16644
F10334#F1438,267,201,470,0,4224,88,16644
F10298#F1438,272,156,430,0,4272,89,16644
F10344#F1438,251,215,467,0,4320,90,16644
F10176#F1438,288,171,460,0,4368,91,16644
F10096#F1438,268,166,436,0,4416,92,16644
F11165#F1438,248,155,405,0,4464,93,16644
F11330#F1438,258,169,429,0,4512,94,16644
F10737#F1438,260,213,475,0,4560,95,16644
F10820#F1438,256,206,463,0,4608,96,16644
F10029#F1438,283,176,460,0,4656,97,16644
F10099#F1438,279,158,439,0,4704,98,16644
F11019#F1438,275,163,440,0,4752,99,16644
F10351#F1438,284,164,449,0,4800,100,16644
F10140#F1438,288,172,462,0,4848,101,16644
F10470#F1438,299,184,485,0,4896,102,16644
F10191#F1438,286,179,467,0,4944,103,16644
F11069#F1438,295,178,475,0,4992,104,16644
F1035#F1438,281,183,467,0,5040,105,16644
F10326#F1438,281,180,463,0,5088,106,16644
F10061#F1438,284,185,470,0,5136,107,16644
F10151#F1438,317,236,554,0,5184,108,16644
F10303#F1438,311,191,504,0,5232,109,16644
F10235#F1438,294,238,534,0,5280,110,16644
F10270#F1438,312,228,541,0,5328,111,16644
F10022#F1438,295,232,528,0,5376,112,16644
F10319#F1438,313,247,562,0,5424,113,16644
F10369#F1438,318,256,575,0,5472,114,16644
F10066#F1438,295,252,549,0,5520,115,16644
F10161#F1438,343,229,573,0,5568,116,16644
F10198#F1438,340,226,568,0,5616,117,16644
F10268#F1438,323,227,552,0,5664,118,16644
F1028#F1438,331,282,614,0,5712,119,16644
F10228#F1438,329,227,558,0,5760,120,16644
F11913#F1438,416,218,635,0,5808,121,16644
F10088#F1438,795,204,1002,0,5856,122,16644
F10366#F1438,386,192,580,0,5904,123,16644
F10989#F1438,310,184,496,0,5952,124,16644
F10069#F1438,306,177,485,0,6000,125,16644
F10316#F1438,327,185,514,0,6048,126,16644
F10080#F1438,329,227,557,0,6096,127,16644
F10086#F1438,353,185,540,0,6144,128,16644
F10697#F1438,325,185,512,0,6192,129,16644
F10707#F1438,324,188,514,0,6240,130,16644
F10277#F1438,350,192,543,0,6288,131,16644
F10079#F1438,350,211,563,0,6336,132,16644
F10098#F1438,401,268,671,0,6384,133,16644
F10045#F1438,377,224,602,0,6432,134,16644
F10183#F1438,373,231,606,0,6480,135,16644
F10290#F1438,377,209,588,0,6528,136,16644
F10353#F1438,354,218,574,0,6576,137,16644
F10608#F1438,358,222,581,0,6624,138,16644
F1024#F1438,371,211,584,0,6672,139,16644
F10175#F1438,358,211,570,0,6720,140,16644
F10039#F1438,363,219,583,0,6768,141,16644
F10281#F1438,355,261,618,0,6816,142,16644
F10808#F1438,363,215,580,0,6864,143,16644
F10042#F1438,356,258,615,0,6912,144,16644
F10488#F1438,420,276,699,0,6960,145,16644
F10239#F1438,375,216,592,0,7008,146,16644
F10552#F1438,369,262,632,0,7056,147,16644
F10822#F1438,400,237,638,0,7104,148,16644
F10186#F1438,394,293,689,0,7152,149,16644
F10263#F1438,396,231,629,0,7200,150,16644
F10685#F1438,377,233,611,0,7248,151,16644
F10097#F1438,397,226,625,0,7296,152,16644
F10041#F1438,374,286,661,0,7344,153,16644
F10231#F1438,400,235,637,0,7392,154,16644
F10383#F1438,397,235,633,0,7440,155,16644
F10392#F1438,398,236,635,0,7488,156,16644
F10106#F1438,410,223,635,0,7536,157,16644
F10019#F1438,397,243,642,0,7584,158,16644
F10082#F1438,443,249,693,0,7632,159,16644
F10592#F1438,406,306,715,0,7680,160,16644
F10011#F1438,409,300,710,0,7728,161,16644
F10048#F1438,460,326,787,0,7776,162,16644
F1033#F1438,480,256,738,0,7824,163,16644
F10040#F1438,450,248,699,0,7872,164,16644
F10631#F1438,397,295,694,0,7920,165,16644
F10065#F1438,415,304,721,0,7968,166,16644
F10233#F1438,461,297,760,0,8016,167,16644
F10250#F1438,439,305,746,0,8064,168,16644
F10639#F1438,447,317,766,0,8112,169,16644
F10622#F1438,442,323,767,0,8160,170,16644
F1106#F1438,470,344,815,0,8208,171,16644
F10260#F1438,509,347,858,0,8256,172,16644
F10157#F1438,555,296,852,0,8304,173,16644
F10984#F1438,483,263,748,0,8352,174,16644
F10110#F1438,446,231,680,0,8400,175,16644
F1049#F1438,422,278,702,0,8448,176,16644
F10062#F1438,410,268,680,0,8496,177,16644
F10090#F1438,460,232,693,0,8544,178,16644
F10197#F1438,421,242,665,0,8592,179,16644
F10180#F1438,454,263,719,0,8640,180,16644
F10194#F1438,431,247,681,0,8688,181,16644
F10116#F1438,459,298,759,0,8736,182,16644
F10423#F1438,450,267,719,0,8784,183,16644
F10584#F1438,460,310,772,0,8832,184,16644
F10435#F1438,462,277,740,0,8880,185,16644
F10017#F1438,439,258,699,0,8928,186,16644
F10027#F1438,469,270,742,0,8976,187,16644
F10095#F1438,464,267,733,0,9024,188,16644
F10049#F1438,465,322,789,0,9072,189,16644
F10181#F1438,525,327,853,0,9120,190,16644
F10324#F1438,501,323,826,0,9168,191,16644
F10764#F1438,475,324,801,0,9216,192,16644
F11431#F1438,483,287,772,0,9264,193,16644
F10360#F1438,499,264,766,0,9312,194,16644
F10688#F1438,567,281,851,0,9360,195,16644
F10067#F1438,731,313,1047,0,9408,196,16644
F10252#F1438,454,246,703,0,9456,197,16644
F10227#F1438,454,246,702,0,9504,198,16644
F1009#F1438,440,281,722,0,9552,199,16644
F10109#F1438,479,251,732,0,9600,200,16644
F10074#F1438,495,305,802,0,9648,201,16644
F10084#F1438,498,308,808,0,9696,202,16644
F10318#F1438,490,288,780,0,9744,203,16644
F10119#F1438,501,353,856,0,9792,204,16644
F10185#F1438,506,284,792,0,9840,205,16644
F11093#F1438,482,286,771,0,9888,206,16644
F10288#F1438,519,281,802,0,9936,207,16644
F10412#F1438,481,277,760,0,9984,208,16644
F10929#F1438,484,283,769,0,10032,209,16644
F10871#F1438,492,281,774,0,10080,210,16644
F10243#F1438,527,281,809,0,10128,211,16644
F10008#F1438,510,292,804,0,10176,212,16644
F1017#F1438,485,286,772,0,10224,213,16644
F10245#F1438,516,347,865,0,10272,214,16644
F10913#F1438,511,288,801,0,10320,215,16644
F10070#F1438,495,308,804,0,10368,216,16644
F10522#F1438,505,280,787,0,10416,217,16644
F10587#F1438,519,294,814,0,10464,218,16644
F11237#F1438,516,307,824,0,10512,219,16644
F11664#F1438,531,285,818,0,10560,220,16644
F10001#F1438,498,307,806,0,10608,221,16644
F10125#F1438,551,281,835,0,10656,222,16644
F11102#F1438,501,297,799,0,10704,223,16644
F10425#F1438,542,318,862,0,10752,224,16644
F10718#F1438,530,283,815,0,10800,225,16644
F10689#F1438,494,283,779,0,10848,226,16644
F10167#F1438,556,342,900,0,10896,227,16644
F1015#F1438,505,292,800,0,10944,228,16644
F10215#F1438,543,303,848,0,10992,229,16644
F10518#F1438,548,310,860,0,11040,230,16644
F10050#F1438,507,335,845,0,11088,231,16644
F10665#F1438,513,291,806,0,11136,232,16644
F10477#F1438,539,292,834,0,11184,233,16644
F10173#F1438,546,289,836,0,11232,234,16644
F10007#F1438,550,287,839,0,11280,235,16644
F11813#F1438,560,328,890,0,11328,236,16644
F10229#F1438,575,368,945,0,11376,237,16644
F10209#F1438,536,299,837,0,11424,238,16644
F11048#F1438,533,349,883,0,11472,239,16644
F10446#F1438,555,348,905,0,11520,240,16644
F10026#F1438,538,301,841,0,11568,241,16644
F10322#F1438,569,367,938,0,11616,242,16644
F10232#F1438,535,374,911,0,11664,243,16644
F10000#F1438,555,362,919,0,11712,244,16644
F10123#F1438,589,330,920,0,11760,245,16644
F10208#F1438,570,334,906,0,11808,246,16644
F10009#F1438,539,362,903,0,11856,247,16644
F11541#F1438,559,396,957,0,11904,248,16644
F11400#F1438,561,321,884,0,11952,249,16644
F10172#F1438,699,394,1095,0,12000,250,16644
F10101#F1438,614,329,945,0,12048,251,16644
F11925#F1438,613,385,1000,0,12096,252,16644
F10799#F1438,765,349,1117,0,12144,253,16644
F1082#F1438,628,323,954,0,12192,254,16644
F1077#F1438,564,311,877,0,12240,255,16644
F10524#F1438,563,366,930,0,12288,256,16644
F11045#F1438,566,378,946,0,12336,257,16644
F1027#F1438,602,342,946,0,12384,258,16644
F10448#F1438,620,370,992,0,12432,259,16644
F10127#F1438,631,393,1026,0,12480,260,16644
F10134#F1438,654,348,1004,0,12528,261,16644
F1130#F1438,621,349,973,0,12576,262,16644
F10258#F1438,585,355,942,0,12624,263,16644
F11386#F1438,627,351,979,0,12672,264,16644
F10156#F1438,646,403,1052,0,12720,265,16644
F1018#F1438,630,361,993,0,12768,266,16644
F10078#F1438,659,346,1007,0,12816,267,16644
F11186#F1438,608,358,968,0,12864,268,16644
F10025#F1438,598,330,931,0,12912,269,16644
F10882#F1438,584,321,908,0,12960,270,16644
F10935#F1438,619,356,977,0,13008,271,16644
F10212#F1438,652,372,1026,0,13056,272,16644
F10129#F1438,681,393,1076,0,13104,273,16644
F10332#F1438,632,358,992,0,13152,274,16644
F10321#F1438,617,350,970,0,13200,275,16644
F10076#F1438,682,393,1077,0,13248,276,16644
F11545#F1438,618,353,973,0,13296,277,16644
F11096#F1438,619,341,964,0,13344,278,16644
F10060#F1438,618,332,953,0,13392,279,16644
F10164#F1438,633,337,972,0,13440,280,16644
F10389#F1438,632,397,1031,0,13488,281,16644
F10133#F1438,637,339,977,0,13536,282,16644
F10248#F1438,625,405,1032,0,13584,283,16644
F11487#F1438,623,365,990,0,13632,284,16644
F1016#F1438,667,394,1063,0,13680,285,16644
F10442#F1438,780,373,1155,0,13728,286,16644
F11185#F1438,676,392,1070,0,13776,287,16644
F10242#F1438,692,528,1222,0,13824,288,16644
F11334#F1438,689,392,1083,0,13872,289,16644
F10291#F1438,685,358,1045,0,13920,290,16644
F11405#F1438,648,397,1048,0,13968,291,16644
F1069#F1438,644,394,1041,0,14016,292,16644
F11584#F1438,658,376,1036,0,14064,293,16644
F10733#F1438,648,370,1021,0,14112,294,16644
F10476#F1438,669,401,1072,0,14160,295,16644
F10842#F1438,669,371,1042,0,14208,296,16644
F11211#F1438,636,362,1000,0,14256,297,16644
F10128#F1438,712,348,1063,0,14304,298,16644
F10105#F1438,674,352,1029,0,14352,299,16644
F10273#F1438,647,352,1001,0,14400,300,16644
F10284#F1438,677,360,1039,0,14448,301,16644
F10028#F1438,637,409,1048,0,14496,302,16644
F10554#F1438,638,357,997,0,14544,303,16644
F10058#F1438,647,354,1004,0,14592,304,16644
F10439#F1438,676,368,1046,0,14640,305,16644
F11134#F1438,699,366,1068,0,14688,306,16644
F11785#F1438,688,400,1093,0,14736,307,16644
F10093#F1438,733,366,1102,0,14784,308,16644
F1108#F1438,673,420,1096,0,14832,309,16644
F10574#F1438,676,361,1039,0,14880,310,16644
F10553#F1438,677,373,1052,0,14928,311,16644
F10333#F1438,698,427,1127,0,14976,312,16644
F1085#F1438,712,420,1134,0,15024,313,16644
F10295#F1438,669,423,1095,0,15072,314,16644
F10262#F1438,684,372,1059,0,15120,315,16644
F10148#F1438,699,362,1063,0,15168,316,16644
F10486#F1438,674,369,1046,0,15216,317,16644
F1051#F1438,740,376,1118,0,15264,318,16644
F10075#F1438,748,372,1121,0,15312,319,16644
F10137#F1438,738,428,1169,0,15360,320,16644
F11306#F1438,695,401,1098,0,15408,321,16644
F10840#F1438,709,446,1157,0,15456,322,16644
F10144#F1438,766,500,1269,0,15504,323,16644
F10030#F1438,730,455,1188,0,15552,324,16644
F10682#F1438,730,395,1128,0,15600,325,16644
F10003#F1438,688,400,1090,0,15648,326,16644
F10331#F1438,757,434,1193,0,15696,327,16644
F10803#F1438,718,417,1137,0,15744,328,16644
F1004#F1438,729,425,1156,0,15792,329,16644
F10569#F1438,895,454,1351,0,15840,330,16644
F10051#F1438,766,443,1212,0,15888,331,16644
F11141#F1438,749,424,1175,0,15936,332,16644
F1310#F1438,776,385,1163,0,15984,333,16644
F10363#F1438,831,418,1251,0,16032,334,16644
F10677#F1438,840,431,1273,0,16080,335,16644
F10753#F1438,805,454,1261,0,16128,336,16644
F10196#F1438,794,407,1203,0,16176,337,16644
F10251#F1438,789,438,1229,0,16224,338,16644
F10473#F1438,811,416,1230,0,16272,339,16644
F10327#F1438,780,420,1202,0,16320,340,16644
F1081#F1438,841,426,1270,0,16368,341,16644
F1007#F1438,802,459,1263,0,16416,342,16644
F10969#F1438,787,431,1220,0,16464,343,16644
F10107#F1438,816,413,1231,0,16512,344,16644
F10359#F1438,802,402,1207,0,16560,345,16644
F10002#F1438,771,395,1168,0,16608,346,16644
F1008#F1438,779,451,1232,0,16656,347,16644
F12082#F1438,806,455,1263,0,16704,348,16644
F10059#F1438,812,404,1218,0,16752,349,16644
F10269#F1438,795,398,1195,0,16800,350,16644
F1105#F1438,802,412,1216,0,16848,351,16644
F10184#F1438,863,447,1313,0,16896,352,16644
F10701#F1438,796,405,1202,0,16944,353,16644
F10883#F1438,759,409,1170,0,16992,354,16644
F1057#F1438,792,410,1204,0,17040,355,16644
F10071#F1438,797,411,1211,0,17088,356,16644
F11041#F1438,803,405,1211,0,17136,357,16644
F10203#F1438,833,441,1276,0,17184,358,16644
F10352#F1438,812,423,1238,0,17232,359,16644
F10168#F1438,826,409,1238,0,17280,360,16644
F10461#F1438,797,460,1259,0,17328,361,16644
F10145#F1438,847,436,1286,0,17376,362,16644
F12033#F1438,850,543,1395,0,17424,363,16644
F11179#F1438,813,412,1228,0,17472,364,16644
F1#F1438,821,418,1242,0,17520,365,16644
F11549#F1438,790,470,1267,0,17568,366,16644
F10421#F1438,819,473,1295,0,17616,367,16644
F10323#F1438,859,411,1272,0,17664,368,16644
F10414#F1438,813,419,1234,0,17712,369,16644
F12399#F1438,831,432,1266,0,17760,370,16644
F10506#F1438,827,429,1258,0,17808,371,16644
F10214#F1438,843,424,1270,0,17856,372,16644
F11320#F1438,827,422,1251,0,17904,373,16644
F10010#F1438,859,499,1359,0,17952,374,16644
F10104#F1438,858,424,1285,0,18000,375,16644
F10155#F1438,868,418,1289,0,18048,376,16644
F10092#F1438,955,431,1389,0,18096,377,16644
F11651#F1438,830,636,1468,0,18144,378,16644
F1092#F1438,853,497,1352,0,18192,379,16644
F10694#F1438,842,442,1287,0,18240,380,16644
F10315#F1438,840,497,1338,0,18288,381,16644
F13306#F1438,790,470,1262,0,18336,382,16644
F11189#F1438,801,469,1272,0,18384,383,16644
F10870#F1438,789,440,1231,0,18432,384,16644
F12921#F1438,840,481,1325,0,18480,385,16644
F10368#F1438,904,485,1391,0,18528,386,16644
F11040#F1438,888,524,1414,0,18576,387,16644
F10329#F1438,865,513,1380,0,18624,388,16644
F12863#F1438,842,536,1380,0,18672,389,16644
F10495#F1438,881,500,1384,0,18720,390,16644
F11627#F1438,837,486,1326,0,18768,391,16644
F10408#F1438,873,506,1381,0,18816,392,16644
F11449#F1438,941,491,1435,0,18864,393,16644
F10206#F1438,865,545,1413,0,18912,394,16644
F10047#F1438,858,542,1402,0,18960,395,16644
F10021#F1438,886,478,1367,0,19008,396,16644
F10815#F1438,958,621,1582,0,19056,397,16644
F10760#F1438,893,643,1537,0,19104,398,16644
F11133#F1438,925,513,1440,0,19152,399,16644
F10557#F1438,1070,544,1617,0,19200,400,16644
F10163#F1438,1552,553,2108,0,19248,401,16644
F10570#F1438,882,457,1343,0,19296,402,16644
F10440#F1438,850,463,1316,0,19344,403,16644
F10234#F1438,890,555,1448,0,19392,404,16644
F10372#F1438,887,517,1407,0,19440,405,16644
F10279#F1438,1019,572,1594,0,19488,406,16644
F11514#F1438,1041,516,1559,0,19536,407,16644
F10668#F1438,921,532,1455,0,19584,408,16644
F10371#F1438,921,557,1480,0,19632,409,16644
F1072#F1438,921,497,1421,0,19680,410,16644
F10662#F1438,867,523,1392,0,19728,411,16644
F10226#F1438,893,502,1398,0,19776,412,16644
F10743#F1438,962,571,1536,0,19824,413,16644
F10727#F1438,1035,775,1812,0,19872,414,16644
F10745#F1438,873,530,1406,0,19920,415,16644
F11201#F1438,909,549,1460,0,19968,416,16644
F11168#F1438,900,524,1426,0,20016,417,16644
F10910#F1438,927,584,1514,0,20064,418,16644
F1076#F1438,932,545,1480,0,20112,419,16644
F11335#F1438,908,536,1446,0,20160,420,16644
F10299#F1438,977,531,1510,0,20208,421,16644
F10#F1438,893,508,1404,0,20256,422,16644
F10404#F1438,913,517,1433,0,20304,423,16644
F10526#F1438,894,524,1420,0,20352,424,16644
F10514#F1438,897,473,1372,0,20400,425,16644
F11910#F1438,934,495,1432,0,20448,426,16644
F10064#F1438,943,562,1507,0,20496,427,16644
F10972#F1438,1131,1050,2185,0,20544,428,16644
F10676#F1438,932,612,1545,0,20592,429,16644
F10117#F1438,1018,596,1617,0,20640,430,16644
F12634#F1438,945,795,1743,0,20688,431,16644
F12273#F1438,975,606,1583,0,20736,432,16644
F10857#F1438,940,523,1466,0,20784,433,16644
F101#F1438,939,570,1511,0,20832,434,16644
F10276#F1438,971,555,1529,0,20880,435,16644
F10287#F1438,922,520,1444,0,20928,436,16644
F10241#F1438,1011,696,1709,0,20976,437,16644
F10462#F1438,1010,621,1633,0,21024,438,16644
F1078#F1438,988,703,1694,0,21072,439,16644
F11011#F1438,998,546,1547,0,21120,440,16644
F10531#F1438,949,493,1444,0,21168,441,16644
F13022#F1438,918,491,1412,0,21216,442,16644
F10597#F1438,934,494,1431,0,21264,443,16644
F10147#F1438,1029,515,1547,0,21312,444,16644
F10765#F1438,920,548,1471,0,21360,445,16644
F11799#F1438,1004,502,1510,0,21408,446,16644
F10348#F1438,940,550,1493,0,21456,447,16644
F12069#F1438,939,500,1441,0,21504,448,16644
F11904#F1438,1014,507,1525,0,21552,449,16644
F11445#F1438,903,501,1407,0,21600,450,16644
F11057#F1438,912,554,1469,0,21648,451,16644
F1006#F1438,930,501,1434,0,21696,452,16644
F12019#F1438,982,596,1580,0,21744,453,16644
F11318#F1438,957,529,1489,0,21792,454,16644
F11696#F1438,975,531,1509,0,21840,455,16644
F10610#F1438,969,559,1531,0,21888,456,16644
F10536#F1438,939,510,1452,0,21936,457,16644
F10036#F1438,951,522,1475,0,21984,458,16644
F10015#F1438,996,577,1575,0,22032,459,16644
F10063#F1438,1080,507,1590,0,22080,460,16644
F10224#F1438,1026,513,1542,0,22128,461,16644
F11707#F1438,972,519,1493,0,22176,462,16644
F10024#F1438,969,511,1484,0,22224,463,16644
F10171#F1438,1001,509,1512,0,22272,464,16644
F11401#F1438,948,521,1472,0,22320,465,16644
F10111#F1438,1021,516,1539,0,22368,466,16644
F1304#F1438,972,521,1495,0,22416,467,16644
F10308#F1438,983,525,1510,0,22464,468,16644
F10751#F1438,954,521,1478,0,22512,469,16644
F13266#F1438,968,514,1485,0,22560,470,16644
F10364#F1438,1002,524,1528,0,22608,471,16644
F12073#F1438,984,520,1507,0,22656,472,16644
F10683#F1438,1045,540,1587,0,22704,473,16644
F10280#F1438,988,526,1516,0,22752,474,16644
F10585#F1438,1025,530,1558,0,22800,475,16644
F12593#F1438,999,522,1523,0,22848,476,16644
F10388#F1438,1013,530,1546,0,22896,477,16644
F12736#F1438,997,528,1528,0,22944,478,16644
F10887#F1438,1001,552,1556,0,22992,479,16644
F10679#F1438,1021,589,1612,0,23040,480,16644
F10415#F1438,1027,526,1555,0,23088,481,16644
F12681#F1438,999,586,1587,0,23136,482,16644
F12061#F1438,1015,524,1542,0,23184,483,16644
F10872#F1438,1020,553,1575,0,23232,484,16644
F12326#F1438,994,583,1580,0,23280,485,16644
F1114#F1438,1030,540,1572,0,23328,486,16644
F10089#F1438,1120,550,1672,0,23376,487,16644
F13191#F1438,986,535,1528,0,23424,488,16644
F12339#F1438,1053,589,1645,0,23472,489,16644
F12518#F1438,1043,559,1604,0,23520,490,16644
F10632#F1438,1065,565,1632,0,23568,491,16644
F10091#F1438,1111,573,1686,0,23616,492,16644
F106#F1438,1068,580,1650,0,23664,493,16644
F1210#F1438,1055,603,1661,0,23712,494,16644
F10951#F1438,1097,613,1712,0,23760,495,16644
F11088#F1438,1066,601,1670,0,23808,496,16644
F10643#F1438,1105,634,1741,0,23856,497,16644
F10044#F1438,1126,712,1840,0,23904,498,16644
F10382#F1438,1131,763,1896,0,23952,499,16644
F11036#F1438,1069,585,1657,0,24000,500,16644
F10238#F1438,1102,644,1749,0,24048,501,16644
F10519#F1438,1088,575,1666,0,24096,502,16644
F13525#F1438,1065,579,1646,0,24144,503,16644
F11706#F1438,1077,638,1718,0,24192,504,16644
F11119#F1438,1110,556,1669,0,24240,505,16644
F11553#F1438,1028,572,1603,0,24288,506,16644
F10361#F1438,1064,610,1677,0,24336,507,16644
F13916#F1438,1069,556,1628,0,24384,508,16644
F13738#F1438,1119,606,1728,0,24432,509,16644
F12037#F1438,1076,567,1646,0,24480,510,16644
F227#F1438,1056,555,1614,0,24528,511,16644
F10831#F1438,1081,646,1731,0,24576,512,16644
F10907#F1438,1088,673,1763,0,24624,513,16644
F12030#F1438,1104,603,1709,0,24672,514,16644
F10577#F1438,1061,575,1639,0,24720,515,16644
F10356#F1438,1060,634,1697,0,24768,516,16644
F10188#F1438,1106,571,1679,0,24816,517,16644
F10034#F1438,1058,567,1627,0,24864,518,16644
F13740#F1438,1135,571,1708,0,24912,519,16644
F10699#F1438,1159,621,1783,0,24960,520,16644
F1143#F1438,1144,621,1768,0,25008,521,16644
F10192#F1438,1156,629,1788,0,25056,522,16644
F149#F1438,1115,584,1702,0,25104,523,16644
F11519#F1438,1092,581,1676,0,25152,524,16644
F10604#F1438,1084,586,1673,0,25200,525,16644
F1062#F1438,1134,578,1715,0,25248,526,16644
F10549#F1438,1119,580,1703,0,25296,527,16644
F10455#F1438,1086,579,1668,0,25344,528,16644
F11286#F1438,1111,593,1707,0,25392,529,16644
F1093#F1438,1144,626,1773,0,25440,530,16644
F11336#F1438,1207,624,1834,0,25488,531,16644
F10510#F1438,1200,619,1822,0,25536,532,16644
F11015#F1438,1253,615,1870,0,25584,533,16644
F10489#F1438,1554,629,2185,0,25632,534,16644
F12672#F1438,1188,587,1778,0,25680,535,16644
F14039#F1438,1177,585,1765,0,25728,536,16644
F10309#F1438,1213,723,1939,0,25776,537,16644
F1265#F1438,1135,589,1727,0,25824,538,16644
F10411#F1438,1155,588,1745,0,25872,539,16644
F17457#F1438,1124,641,1768,0,25920,540,16644
F11108#F1438,1104,593,1699,0,25968,541,16644
F12956#F1438,1100,643,1747,0,26016,542,16644
F13#F1438,1143,596,1743,0,26064,543,16644
F11887#F1438,1173,649,1824,0,26112,544,16644
F10786#F1438,1131,593,1727,0,26160,545,16644
F10346#F1438,1154,605,1763,0,26208,546,16644
F12908#F1438,1131,647,1780,0,26256,547,16644
F12527#F1438,1176,591,1770,0,26304,548,16644
F11497#F1438,1127,620,1749,0,26352,549,16644
F10521#F1438,1159,599,1762,0,26400,550,16644
F10556#F1438,1148,658,1809,0,26448,551,16644
F11856#F1438,1220,613,1836,0,26496,552,16644
F12225#F1438,1223,607,1833,0,26544,553,16644
F12713#F1438,1181,659,1844,0,26592,554,16644
F14#F1438,1142,609,1754,0,26640,555,16644
F12589#F1438,1164,661,1828,0,26688,556,16644
F10853#F1438,1162,661,1826,0,26736,557,16644
F11841#F1438,1227,609,1838,0,26784,558,16644
F11573#F1438,1166,663,1833,0,26832,559,16644
F15109#F1438,1149,607,1758,0,26880,560,16644
F10325#F1438,1158,660,1822,0,26928,561,16644
F10725#F1438,1198,683,1884,0,26976,562,16644
F10142#F1438,1253,643,1899,0,27024,563,16644
F1001#F1438,1202,683,1888,0,27072,564,16644
F10982#F1438,1189,707,1899,0,27120,565,16644
F11602#F1438,1171,614,1787,0,27168,566,16644
F10335#F1438,1199,634,1835,0,27216,567,16644
F1145#F1438,1172,672,1847,0,27264,568,16644
F13110#F1438,1161,620,1783,0,27312,569,16644
F10046#F1438,1181,652,1836,0,27360,570,16644
F12617#F1438,1243,658,1904,0,27408,571,16644
F10160#F1438,1245,637,1885,0,27456,572,16644
F1039#F1438,1245,638,1886,0,27504,573,16644
F10520#F1438,1225,633,1861,0,27552,574,16644
F11787#F1438,1172,677,1852,0,27600,575,16644
F10006#F1438,1212,642,1858,0,27648,576,16644
F11647#F1438,1211,633,1848,0,27696,577,16644
F14240#F1438,1203,639,1846,0,27744,578,16644
F10900#F1438,1201,644,1848,0,27792,579,16644
F1535#F1438,1239,641,1883,0,27840,580,16644
F10246#F1438,1257,626,1887,0,27888,581,16644
F10931#F1438,1183,677,1863,0,27936,582,16644
F12311#F1438,1224,684,1912,0,27984,583,16644
F13755#F1438,1263,640,1906,0,28032,584,16644
F12788#F1438,1198,674,1874,0,28080,585,16644
F12264#F1438,1217,653,1873,0,28128,586,16644
F11149#F1438,1221,688,1911,0,28176,587,16644
F11322#F1438,1206,636,1845,0,28224,588,16644
F163#F1438,1233,647,1884,0,28272,589,16644
F10394#F1438,1192,657,1852,0,28320,590,16644
F10681#F1438,1286,693,1982,0,28368,591,16644
F12338#F1438,1253,686,1942,0,28416,592,16644
F11049#F1438,1234,695,1933,0,28464,593,16644
F1019#F1438,1232,638,1873,0,28512,594,16644
F21737#F1438,1226,663,1892,0,28560,595,16644
F10977#F1438,1208,686,1897,0,28608,596,16644
F10154#F1438,1317,655,1976,0,28656,597,16644
F10431#F1438,1257,664,1923,0,28704,598,16644
F17002#F1438,1247,651,1902,0,28752,599,16644
F10758#F1438,1232,645,1880,0,28800,600,16644
F11251#F1438,1261,667,1931,0,28848,601,16644
F1013#F1438,1249,693,1945,0,28896,602,16644
F11257#F1438,1812,701,2516,0,28944,603,16644
F11153#F1438,1334,686,2023,0,28992,604,16644
F12624#F1438,1276,727,2006,0,29040,605,16644
F11177#F1438,1348,780,2131,0,29088,606,16644
F10740#F1438,1314,764,2082,0,29136,607,16644
F1098#F1438,1324,744,2071,0,29184,608,16644
F11737#F1438,1316,770,2089,0,29232,609,16644
F11158#F1438,1357,773,2133,0,29280,610,16644
F10005#F1438,1479,744,2226,0,29328,611,16644
F10100#F1438,1513,668,2189,0,29376,612,16644
F10904#F1438,1435,701,2138,0,29424,613,16644
F12422#F1438,1463,689,2155,0,29472,614,16644
F10564#F1438,1300,667,1970,0,29520,615,16644
F11790#F1438,1462,847,2313,0,29568,616,16644
F12631#F1438,1279,681,1963,0,29616,617,16644
F13161#F1438,1284,670,1957,0,29664,618,16644
F8417#F1438,1236,669,1908,0,29712,619,16644
F1330#F1438,1282,676,1961,0,29760,620,16644
F2589#F1438,1283,690,1976,0,29808,621,16644
F10393#F1438,1301,724,2027,0,29856,622,16644
F14484#F1438,1296,676,1975,0,29904,623,16644
F12413#F1438,1287,677,1968,0,29952,624,16644
F14481#F1438,1307,670,1981,0,30000,625,16644
F12461#F1438,1313,674,1990,0,30048,626,16644
F2559#F1438,1326,674,2004,0,30096,627,16644
F13551#F1438,1309,700,2013,0,30144,628,16644
F25159#F1438,1333,688,2024,0,30192,629,16644
F145#F1438,1287,676,1966,0,30240,630,16644
F14751#F1438,1310,739,2051,0,30288,631,16644
F10182#F1438,1337,682,2021,0,30336,632,16644
F1263#F1438,1359,686,2048,0,30384,633,16644
F10162#F1438,1357,682,2042,0,30432,634,16644
F10594#F1438,1322,692,2017,0,30480,635,16644
F13852#F1438,1373,742,2118,0,30528,636,16644
F10018#F1438,1288,695,1985,0,30576,637,16644
F12817#F1438,1360,700,2064,0,30624,638,16644
F11903#F1438,1362,747,2112,0,30672,639,16644
F17744#F1438,1346,712,2061,0,30720,640,16644
F10118#F1438,1488,749,2240,0,30768,641,16644
F2514#F1438,1495,760,2257,0,30816,642,16644
F2091#F1438,1372,757,2131,0,30864,643,16644
F107#F1438,1385,887,2274,0,30912,644,16644
F1726#F1438,1508,802,2314,0,30960,645,16644
F10254#F1438,1421,765,2189,0,31008,646,16644
F14508#F1438,1410,779,2192,0,31056,647,16644
F17448#F1438,1437,785,2225,0,31104,648,16644
F10400#F1438,1451,809,2262,0,31152,649,16644
F12007#F1438,1442,827,2273,0,31200,650,16644
F11704#F1438,1375,714,2092,0,31248,651,16644
F12297#F1438,1362,708,2073,0,31296,652,16644
F10491#F1438,1438,807,2249,0,31344,653,16644
F10406#F1438,1442,838,2282,0,31392,654,16644
F3204#F1438,1416,735,2155,0,31440,655,16644
F10085#F1438,1462,806,2271,0,31488,656,16644
F10706#F1438,1447,802,2252,0,31536,657,16644
F10986#F1438,1506,869,2377,0,31584,658,16644
F10149#F1438,1574,807,2384,0,31632,659,16644
F10708#F1438,1442,708,2153,0,31680,660,16644
F12781#F1438,1479,741,2223,0,31728,661,16644
F11120#F1438,1439,822,2264,0,31776,662,16644
F1175#F1438,1455,765,2223,0,31824,663,16644
F11682#F1438,1436,769,2208,0,31872,664,16644
F232#F1438,1419,724,2146,0,31920,665,16644
F14042#F1438,1423,795,2222,0,31968,666,16644
F100#F1438,1420,782,2205,0,32016,667,16644
F194#F1438,1459,766,2228,0,32064,668,16644
F10540#F1438,1408,741,2152,0,32112,669,16644
F13539#F1438,1501,996,2500,0,32160,670,16644
F11713#F1438,1459,772,2234,0,32208,671,16644
F10135#F1438,1566,802,2370,0,32256,672,16644
F1334#F1438,1466,785,2254,0,32304,673,16644
F11389#F1438,1641,784,2429,0,32352,674,16644
F14244#F1438,1498,741,2243,0,32400,675,16644
F12753#F1438,1421,779,2202,0,32448,676,16644
F11939#F1438,1551,757,2312,0,32496,677,16644
F12362#F1438,1536,831,2370,0,32544,678,16644
F15257#F1438,1435,961,2399,0,32592,679,16644
F10365#F1438,1470,742,2216,0,32640,680,16644
F14911#F1438,1475,780,2258,0,32688,681,16644
F2420#F1438,1471,742,2216,0,32736,682,16644
F10122#F1438,1584,785,2371,0,32784,683,16644
F15101#F1438,1462,809,2274,0,32832,684,16644
F10410#F1438,1471,811,2286,0,32880,685,16644
F3707#F1438,1476,773,2252,0,32928,686,16644
F1084#F1438,1476,744,2224,0,32976,687,16644
F10108#F1438,1587,784,2375,0,33024,688,16644
F10375#F1438,1518,939,2459,0,33072,689,16644
F12484#F1438,1494,829,2326,0,33120,690,16644
F13371#F1438,1475,800,2278,0,33168,691,16644
F10451#F1438,1490,795,2288,0,33216,692,16644
F1229#F1438,1553,761,2317,0,33264,693,16644
F13681#F1438,1608,757,2368,0,33312,694,16644
F15677#F1438,1426,748,2178,0,33360,695,16644
F10052#F1438,1439,755,2199,0,33408,696,16644
F10056#F1438,1430,749,2184,0,33456,697,16644
F10264#F1438,1481,758,2243,0,33504,698,16644
F11564#F1438,1521,930,2454,0,33552,699,16644
F10981#F1438,1468,761,2233,0,33600,700,16644
F12223#F1438,1470,773,2246,0,33648,701,16644
F4578#F1438,1531,912,2446,0,33696,702,16644
F12973#F1438,1513,853,2369,0,33744,703,16644
F13021#F1438,1505,806,2315,0,33792,704,16644
F6733#F1438,1489,787,2279,0,33840,705,16644
F16095#F1438,1506,818,2328,0,33888,706,16644
F10891#F1438,1476,805,2285,0,33936,707,16644
F11730#F1438,1479,772,2253,0,33984,708,16644
F1594#F1438,1564,819,2387,0,34032,709,16644
F2096#F1438,1513,758,2274,0,34080,710,16644
F1054#F1438,1581,762,2348,0,34128,711,16644
F1325#F1438,1506,781,2290,0,34176,712,16644
F1037#F1438,1579,798,2379,0,34224,713,16644
F10593#F1438,1521,766,2289,0,34272,714,16644
F12970#F1438,1501,785,2291,0,34320,715,16644
F1434#F1438,1499,823,2327,0,34368,716,16644
F3784#F1438,1540,817,2360,0,34416,717,16644
F16600#F1438,1543,878,2425,0,34464,718,16644
F11566#F1438,1568,1136,2707,0,34512,719,16644
F12189#F1438,1889,906,2799,0,34560,720,16644
F36349#F1438,1608,862,2474,0,34608,721,16644
F2670#F1438,1588,839,2430,0,34656,722,16644
F11026#F1438,1589,1055,2649,0,34704,723,16644
F12701#F1438,1643,1019,2665,0,34752,724,16644
F12594#F1438,1582,826,2411,0,34800,725,16644
F10401#F1438,1548,815,2371,0,34848,726,16644
F2592#F1438,1572,879,2454,0,34896,727,16644
F1147#F1438,1569,1099,2671,0,34944,728,16644
F10835#F1438,1563,884,2450,0,34992,729,16644
F11106#F1438,1554,880,2437,0,35040,730,16644
F10849#F1438,1590,892,2485,0,35088,731,16644
F1200#F1438,1571,818,2392,0,35136,732,16644
F1543#F1438,1585,1078,2666,0,35184,733,16644
F12730#F1438,1596,959,2557,0,35232,734,16644
F3590#F1438,1641,1058,2702,0,35280,735,16644
F13683#F1438,1805,1048,2855,0,35328,736,16644
F2086#F1438,1641,964,2609,0,35376,737,16644
F15864#F1438,1727,994,2724,0,35424,738,16644
F1497#F1438,1819,976,2799,0,35472,739,16644
F13939#F1438,1967,1600,3571,0,35520,740,16644
F1706#F1438,1590,844,2437,0,35568,741,16644
F13766#F1438,1690,967,2661,0,35616,742,16644
F10500#F1438,1685,1317,3004,0,35664,743,16644
F2442#F1438,1634,955,2592,0,35712,744,16644
F17310#F1438,1657,1070,2731,0,35760,745,16644
F141#F1438,1633,1286,2921,0,35808,746,16644
F1152#F1438,1627,989,2620,0,35856,747,16644
F10956#F1438,2028,982,3013,0,35904,748,16644
F2352#F1438,1606,876,2486,0,35952,749,16644
F4089#F1438,1651,973,2628,0,36000,750,16644
F11378#F1438,1702,975,2686,0,36048,751,16644
F1748#F1438,1630,948,2581,0,36096,752,16644
F11409#F1438,1733,1240,2977,0,36144,753,16644
F10114#F1438,1938,1103,3046,0,36192,754,16644
F10310#F1438,1778,1148,2930,0,36240,755,16644
F10560#F1438,1725,1061,2790,0,36288,756,16644
F10083#F1438,1958,1177,3140,0,36336,757,16644
F2198#F1438,1721,928,2653,0,36384,758,16644
F11304#F1438,1732,960,2696,0,36432,759,16644
F2843#F1438,1647,948,2598,0,36480,760,16644
F1179#F1438,1630,896,2529,0,36528,761,16644
F12727#F1438,1608,897,2508,0,36576,762,16644
F1861#F1438,1652,1009,2664,0,36624,763,16644
F11272#F1438,1638,977,2618,0,36672,764,16644
F11423#F1438,1619,1106,2729,0,36720,765,16644
F1583#F1438,1669,972,2645,0,36768,766,16644
F10219#F1438,1662,986,2651,0,36816,767,16644
F2222#F1438,1925,926,2856,0,36864,768,16644
F11253#F1438,1647,952,2603,0,36912,769,16644
F20623#F1438,1761,969,2734,0,36960,770,16644
F12537#F1438,1732,1081,2817,0,37008,771,16644
F11989#F1438,1756,972,2736,0,37056,772,16644
F15689#F1438,1652,991,2646,0,37104,773,16644
F4642#F1438,1658,1062,2723,0,37152,774,16644
F11488#F1438,1703,1073,2779,0,37200,775,16644
F18169#F1438,1700,1058,2761,0,37248,776,16644
F10881#F1438,1734,1009,2747,0,37296,777,16644
F10130#F1438,1915,973,2892,0,37344,778,16644
F2004#F1438,1822,1253,3077,0,37392,779,16644
F2136#F1438,1778,1164,2945,0,37440,780,16644
F1826#F1438,1894,1011,2909,0,37488,781,16644
F10452#F1438,1797,1023,2822,0,37536,782,16644
F1814#F1438,1815,1087,2905,0,37584,783,16644
F4445#F1438,1726,1024,2752,0,37632,784,16644
F11631#F1438,1672,1028,2702,0,37680,785,16644
F13296#F1438,1824,1035,2862,0,37728,786,16644
F3745#F1438,1779,1103,2886,0,37776,787,16644
F4373#F1438,1741,1235,2980,0,37824,788,16644
F13906#F1438,1723,926,2652,0,37872,789,16644
F2509#F1438,1820,935,2757,0,37920,790,16644
F1236#F1438,1663,994,2661,0,37968,791,16644
F2778#F1438,1660,950,2613,0,38016,792,16644
F12960#F1438,1850,1022,2877,0,38064,793,16644
F17275#F1438,1700,1150,2854,0,38112,794,16644
F11450#F1438,1890,1070,2963,0,38160,795,16644
F11161#F1438,1724,1249,2977,0,38208,796,16644
F1686#F1438,1733,1204,2939,0,38256,797,16644
F454#F1438,1732,1083,2819,0,38304,798,16644
F16986#F1438,1721,1081,2805,0,38352,799,16644
F3822#F1438,1681,1016,2700,0,38400,800,16644
F1663#F1438,1734,1110,2846,0,38448,801,16644
F1189#F1438,1739,1056,2798,0,38496,802,16644
F557#F1438,1730,1009,2741,0,38544,803,16644
F197#F1438,1712,1037,2752,0,38592,804,16644
F1140#F1438,1785,1170,2959,0,38640,805,16644
F2251#F1438,1717,969,2688,0,38688,806,16644
F3520#F1438,1717,1039,2759,0,38736,807,16644
F1073#F1438,1871,1063,2937,0,38784,808,16644
F4268#F1438,1802,1041,2847,0,38832,809,16644
F2322#F1438,1800,1077,2880,0,38880,810,16644
F2826#F1438,1797,1001,2802,0,38928,811,16644
F29476#F1438,2610,1742,4357,0,38976,812,16644
F2400#F1438,2288,1416,3708,0,39024,813,16644
F1090#F1438,2130,1871,4004,0,39072,814,16644
F1020#F1438,2046,1477,3528,0,39120,815,16644
F12562#F1438,2143,1443,3590,0,39168,816,16644
F1195#F1438,2032,1363,3398,0,39216,817,16644
F4702#F1438,2206,1133,3343,0,39264,818,16644
F15971#F1438,1884,1295,3182,0,39312,819,16644
F1060#F1438,1849,1077,2929,0,39360,820,16644
F11929#F1438,2078,1596,3678,0,39408,821,16644
F12542#F1438,2122,1198,3323,0,39456,822,16644
F255#F1438,1871,1069,2944,0,39504,823,16644
F2870#F1438,1838,1199,3040,0,39552,824,16644
F15856#F1438,1945,1122,3071,0,39600,825,16644
F222#F1438,2023,1727,3753,0,39648,826,16644
F2202#F1438,1871,1026,2900,0,39696,827,16644
F11946#F1438,1872,1025,2903,0,39744,828,16644
F15343#F1438,1881,1297,3180,0,39792,829,16644
F11577#F1438,1817,1043,2863,0,39840,830,16644
F2300#F1438,1862,1164,3028,0,39888,831,16644
F10038#F1438,1878,1137,3019,0,39936,832,16644
F11712#F1438,1798,1135,2936,0,39984,833,16644
F10539#F1438,1916,1294,3213,0,40032,834,16644
F331#F1438,1912,1065,2980,0,40080,835,16644
F13854#F1438,2112,1070,3186,0,40128,836,16644
F11699#F1438,1841,1208,3052,0,40176,837,16644
F10617#F1438,1910,1028,2941,0,40224,838,16644
F12906#F1438,1838,1064,2905,0,40272,839,16644
F5444#F1438,1921,1090,3014,0,40320,840,16644
F4431#F1438,1963,1074,3041,0,40368,841,16644
F11734#F1438,1847,1168,3019,0,40416,842,16644
F6715#F1438,1960,1126,3088,0,40464,843,16644
F2035#F1438,1881,1033,2918,0,40512,844,16644
F21178#F1438,1890,1121,3015,0,40560,845,16644
F13318#F1438,2025,1069,3099,0,40608,846,16644
F125#F1438,1925,1167,3096,0,40656,847,16644
F3500#F1438,1860,1106,2969,0,40704,848,16644
F1612#F1438,1901,1273,3177,0,40752,849,16644
F11175#F1438,1915,1129,3047,0,40800,850,16644
F153#F1438,1833,1128,2965,0,40848,851,16644
F198#F1438,1933,1130,3066,0,40896,852,16644
F11702#F1438,1874,1331,3208,0,40944,853,16644
F1150#F1438,1926,1053,2983,0,41040,855,16644
F1040#F1438,2130,1264,3398,0,41088,856,16644
F11429#F1438,2554,1114,3672,0,41136,857,16644
F2860#F1438,2068,1195,3266,0,41184,858,16644
F93#F1438,1848,1019,2870,0,41232,859,16644
F11162#F1438,1890,1094,2986,0,41280,860,16644
F2092#F1438,1920,1164,3087,0,41328,861,16644
F3586#F1438,1885,1151,3039,0,41376,862,16644
F2233#F1438,1926,1104,3035,0,41424,863,16644
F1709#F1438,1890,1379,3272,0,41472,864,16644
F7536#F1438,1911,1406,3320,0,41520,865,16644
F10103#F1438,1887,1033,2922,0,41568,866,16644
F13310#F1438,1871,1153,3028,0,41616,867,16644
F1444#F1438,1886,1047,2937,0,41664,868,16644
F1890#F1438,1910,1089,3002,0,41712,869,16644
F2999#F1438,2058,1080,3141,0,41808,871,16644
F7631#F1438,2017,1085,3106,0,41904,873,16644
F2528#F1438,1995,1070,3068,0,41952,874,16644
F1480#F1438,2069,1112,3184,0,42000,875,16644
F10386#F1438,1975,1121,3099,0,42048,876,16644
F14939#F1438,1914,1137,3054,0,42096,877,16644
F3399#F1438,1965,1136,3104,0,42144,878,16644
F13924#F1438,2076,1105,3185,0,42192,879,16644
F14232#F1438,1929,1110,3043,0,42240,880,16644
F10806#F1438,1948,1176,3128,0,42288,881,16644
F4879#F1438,1943,1091,3038,0,42336,882,16644
F11950#F1438,1945,1110,3059,0,42384,883,16644
F10909#F1438,2078,1151,3233,0,42432,884,16644
F2416#F1438,1880,1107,2991,0,42480,885,16644
F17029#F1438,1967,1134,3103,0,42528,886,16644
F14678#F1438,1960,1088,3051,0,42576,887,16644
F12100#F1438,2003,1161,3167,0,42624,888,16644
F14593#F1438,1959,1257,3220,0,42672,889,16644
F4104#F1438,1950,1129,3082,0,42720,890,16644
F192#F1438,1938,1105,3047,0,42768,891,16644
F12187#F1438,2004,1265,3272,0,42816,892,16644
F3574#F1438,1995,1120,3119,0,42864,893,16644
F12740#F1438,1927,1113,3044,0,42912,894,16644
F18504#F1438,1988,1119,3112,0,42960,895,16644
F1237#F1438,2008,1206,3218,0,43008,896,16644
F171#F1438,2015,1248,3266,0,43056,897,16644
F2546#F1438,2267,1144,3414,0,43104,898,16644
F1164#F1438,2126,1289,3417,0,43152,899,16644
F2140#F1438,2496,1390,3889,0,43200,900,16644
F244#F1438,3045,1127,4175,0,43248,901,16644
F2657#F1438,2114,1258,3375,0,43296,902,16644
F6297#F1438,2081,1480,3565,0,43344,903,16644
F15098#F1438,1986,1340,3329,0,43392,904,16644
F1066#F1438,2033,1241,3276,0,43440,905,16644
F1415#F1438,2020,1180,3203,0,43488,906,16644
F675#F1438,2186,1157,3346,0,43536,907,16644
F6415#F1438,2000,1155,3158,0,43584,908,16644
F5545#F1438,2035,1205,3243,0,43632,909,16644
F14215#F1438,1991,1175,3170,0,43680,910,16644
F6083#F1438,1996,1162,3162,0,43728,911,16644
F4802#F1438,2027,1160,3191,0,43776,912,16644
F3288#F1438,2129,1210,3342,0,43824,913,16644
F3579#F1438,2040,1328,3371,0,43920,915,16644
F1562#F1438,2024,1145,3172,0,43968,916,16644
F3763#F1438,1995,1584,3582,0,44016,917,16644
F12700#F1438,2035,1203,3241,0,44064,918,16644
F12179#F1438,2429,1173,3607,0,44112,919,16644
F5392#F1438,2061,1199,3263,0,44160,920,16644
F1231#F1438,2016,1236,3256,0,44208,921,16644
F2747#F1438,2047,1231,3281,0,44256,922,16644
F1443#F1438,2034,1247,3284,0,44304,923,16644
F11982#F1438,2153,1263,3420,0,44352,924,16644
F12166#F1438,2075,1270,3349,0,44400,925,16644
F14907#F1438,2251,1204,3459,0,44448,926,16644
F118#F1438,2176,1271,3451,0,44496,927,16644
F10838#F1438,2274,1260,3538,0,44592,929,16644
F1416#F1438,2203,1236,3443,0,44640,930,16644
F1324#F1438,2041,1170,3215,0,44688,931,16644
F1303#F1438,2084,1278,3366,0,44736,932,16644
F3222#F1438,2123,1204,3331,0,44784,933,16644
F14267#F1438,2124,1224,3351,0,44832,934,16644
F2398#F1438,2048,1386,3438,0,44880,935,16644
F13721#F1438,2141,1480,3625,0,44928,936,16644
F352#F1438,1999,1147,3150,0,44976,937,16644
F10138#F1438,2231,1261,3496,0,45024,938,16644
F1367#F1438,2067,1251,3322,0,45072,939,16644
F1560#F1438,2039,1233,3275,0,45120,940,16644
F12600#F1438,2364,1266,3634,0,45168,941,16644
F19934#F1438,2186,1169,3359,0,45216,942,16644
F16013#F1438,2051,1228,3283,0,45312,944,16644
F1297#F1438,2011,1182,3197,0,45360,945,16644
F10004#F1438,2002,1146,3151,0,45408,946,16644
F1527#F1438,2013,1296,3315,0,45456,947,16644
F1799#F1438,2174,1652,3829,0,45504,948,16644
F1419#F1438,2064,1375,3442,0,45552,949,16644
F13444#F1438,1992,1196,3191,0,45648,951,16644
F2103#F1438,2003,1395,3402,0,45696,952,16644
F10407#F1438,2089,1452,3544,0,45744,953,16644
F11495#F1438,1998,1184,3187,0,45792,954,16644
F1397#F1438,2044,1195,3242,0,45840,955,16644
F9126#F1438,2016,1150,3168,0,45888,956,16644
F4750#F1438,2044,1150,3198,0,45936,957,16644
F313#F1438,2091,1273,3368,0,45984,958,16644
F2203#F1438,2088,1238,3330,0,46032,959,16644
F10971#F1438,2026,1208,3238,0,46080,960,16644
F1041#F1438,2166,1399,3569,0,46128,961,16644
F2001#F1438,2042,1148,3194,0,46176,962,16644
F19877#F1438,2186,1462,3650,0,46224,963,16644
F2977#F1438,2103,1267,3373,0,46272,964,16644
F5553#F1438,2050,1238,3291,0,46320,965,16644
F10456#F1438,2197,1333,3533,0,46368,966,16644
F12637#F1438,2226,1286,3517,0,46416,967,16644
F16376#F1438,2157,1241,3402,0,46464,968,16644
F11738#F1438,2140,1525,3669,0,46512,969,16644
F12321#F1438,2021,1140,3165,0,46560,970,16644
F7068#F1438,2054,1163,3220,0,46608,971,16644
F2527#F1438,2087,1128,3218,0,46656,972,16644
F2274#F1438,2048,1278,3330,0,46704,973,16644
F2616#F1438,2023,1189,3216,0,46752,974,16644
F2642#F1438,2023,1187,3213,0,46848,976,16644
F2893#F1438,2083,1166,3251,0,46896,977,16644
F6014#F1438,2231,1264,3498,0,46944,978,16644
F14494#F1438,2101,1315,3420,0,46992,979,16644
F14651#F1438,2088,1313,3405,0,47040,980,16644
F6964#F1438,2123,1303,3430,0,47088,981,16644
F7472#F1438,2190,1239,3433,0,47136,982,16644
F10054#F1438,2043,1193,3240,0,47184,983,16644
F1509#F1438,2150,1443,3597,0,47232,984,16644
F553#F1438,2116,1242,3362,0,47280,985,16644
F10714#F1438,2435,1203,3643,0,47328,986,16644
F13385#F1438,2115,1264,3383,0,47424,988,16644
F1169#F1438,2055,1290,3348,0,47472,989,16644
F4415#F1438,2128,1215,3346,0,47520,990,16644
F1530#F1438,2186,1264,3453,0,47568,991,16644
F2913#F1438,2293,1218,3515,0,47616,992,16644
F11180#F1438,2130,1428,3561,0,47664,993,16644
F4308#F1438,2103,1178,3284,0,47712,994,16644
F10057#F1438,2104,1294,3402,0,47760,995,16644
F1031#F1438,2267,1272,3544,0,47808,996,16644
F1388#F1438,2142,1276,3421,0,47856,997,16644
F1787#F1438,2062,1158,3223,0,47904,998,16644
F6861#F1438,2127,1141,3271,0,47952,999,16644
F1561#F1438,2143,1203,3349,0,48048,1001,16644
F11062#F1438,2105,1135,3243,0,48096,1002,16644
F1146#F1438,2102,1191,3297,0,48144,1003,16644
F3298#F1438,2688,1336,4029,0,48192,1004,16644
F18432#F1438,2198,1193,3395,0,48240,1005,16644
F3742#F1438,2035,1166,3205,0,48288,1006,16644
F4761#F1438,2107,1129,3239,0,48336,1007,16644
F2718#F1438,2065,1213,3282,0,48432,1009,16644
F10868#F1438,2136,1185,3326,0,48480,1010,16644
F1602#F1438,2139,1281,3423,0,48528,1011,16644
F7790#F1438,2391,1312,3706,0,48624,1013,16644
F10812#F1438,2111,1152,3268,0,48672,1014,16644
F10278#F1438,2130,1115,3250,0,48768,1016,16644
F10967#F1438,2036,1057,3095,0,48816,1017,16644
F1097#F1438,2053,1247,3304,0,48864,1018,16644
F2070#F1438,2261,1206,3475,0,48912,1019,16644
F13619#F1438,2621,1065,3689,0,48960,1020,16644
F359#F1438,2023,1096,3123,0,49008,1021,16644
F8710#F1438,2258,1231,3493,0,49056,1022,16644
F3835#F1438,2050,1239,3292,0,49104,1023,16644
F11551#F1438,2082,1269,3355,0,49200,1025,16644
F1681#F1438,2154,1188,3346,0,49248,1026,16644
F10603#F1438,2210,1273,3487,0,49296,1027,16644
F1086#F1438,2103,1163,3272,0,49344,1028,16644
F1693#F1438,2160,1216,3381,0,49440,1030,16644
F4497#F1438,3111,1267,4382,0,49488,1031,16644
F10641#F1438,2184,1229,3417,0,49536,1032,16644
F2327#F1438,2181,1170,3355,0,49584,1033,16644
F689#F1438,2127,1145,3275,0,49632,1034,16644
F6145#F1438,2324,1182,3511,0,49728,1036,16644
F6908#F1438,2076,1092,3175,0,49776,1037,16644
F16316#F1438,2286,1465,3754,0,49824,1038,16644
F4031#F1438,2149,1333,3487,0,49872,1039,16644
F3488#F1438,2072,1096,3172,0,49920,1040,16644
F4168#F1438,2088,1094,3185,0,49968,1041,16644
F12247#F1438,2072,1100,3176,0,50016,1042,16644
F1828#F1438,2170,1173,3346,0,50112,1044,16644
F10976#F1438,2131,1194,3330,0,50160,1045,16644
F8247#F1438,2102,1183,3288,0,50208,1046,16644
F1985#F1438,2110,1198,3312,0,50304,1048,16644
F179#F1438,2133,1253,3389,0,50352,1049,16644
F1523#F1438,2260,1182,3445,0,50400,1050,16644
F4040#F1438,2196,1314,3513,0,50448,1051,16644
F2429#F1438,2193,1273,3470,0,50496,1052,16644
F5029#F1438,2165,1199,3367,0,50544,1053,16644
F6177#F1438,2178,1132,3314,0,50592,1054,16644
F7885#F1438,2159,1223,3386,0,50640,1055,16644
F5517#F1438,2188,1315,3507,0,50736,1057,16644
F4204#F1438,2132,1186,3321,0,50784,1058,16644
F18393#F1438,2104,1133,3240,0,50832,1059,16644
F2413#F1438,2222,1268,3492,0,50880,1060,16644
F10207#F1438,2221,1346,3570,0,50928,1061,16644
F1348#F1438,2201,1151,3356,0,50976,1062,16644
F12378#F1438,2136,1121,3261,0,51024,1063,16644
F10925#F1438,2115,1130,3249,0,51120,1065,16644
F977#F1438,2105,1219,3327,0,51168,1066,16644
F3939#F1438,2149,1134,3287,0,51216,1067,16644
F6290#F1438,2203,1130,3337,0,51312,1069,16644
F4402#F1438,2152,1129,3286,0,51408,1071,16644
F2750#F1438,2157,1239,3399,0,51504,1073,16644
F10530#F1438,2197,1309,3511,0,51552,1074,16644
F1766#F1438,2175,1200,3379,0,51600,1075,16644
F14714#F1438,2255,1364,3622,0,51696,1077,16644
F8614#F1438,2433,1324,3761,0,51744,1078,16644
F11044#F1438,2133,1194,3330,0,51792,1079,16644
F2817#F1438,2206,1392,3602,0,51840,1080,16644
F6420#F1438,2224,1235,3467,0,51936,1082,16644
F4097#F1438,2151,1164,3318,0,51984,1083,16644
F4699#F1438,2230,1233,3467,0,52032,1084,16644
F2714#F1438,2202,1236,3441,0,52080,1085,16644
F10023#F1438,2335,1384,3723,0,52128,1086,16644
F3498#F1438,2955,1467,4426,0,52224,1088,16644
F1138#F1438,2270,1249,3523,0,52272,1089,16644
F12129#F1438,2312,1322,3637,0,52368,1091,16644
F10358#F1438,2251,1157,3411,0,52416,1092,16644
F1337#F1438,2245,1313,3561,0,52464,1093,16644
F12330#F1438,2234,1264,3501,0,52560,1095,16644
F10013#F1438,2238,1287,3528,0,52656,1097,16644
F10480#F1438,2278,1202,3483,0,52704,1098,16644
F7756#F1438,2204,1286,3493,0,52752,1099,16644
F590#F1438,2319,1328,3651,0,52800,1100,16644
F2872#F1438,2301,1217,3521,0,52944,1103,16644
F7025#F1438,2306,1247,3557,0,52992,1104,16644
F3547#F1438,2201,1171,3375,0,53040,1105,16644
F1457#F1438,2210,1279,3493,0,53136,1107,16644
F6116#F1438,2294,1194,3492,0,53184,1108,16644
F12292#F1438,2255,1201,3460,0,53280,1110,16644
F9689#F1438,2210,1186,3399,0,53328,1111,16644
F1877#F1438,2239,1183,3425,0,53424,1113,16644
F5810#F1438,2165,1186,3355,0,53520,1115,16644
F1112#F1438,2269,1202,3476,0,53568,1116,16644
F801#F1438,2219,1176,3399,0,53616,1117,16644
F1056#F1438,2282,1236,3522,0,53664,1118,16644
F4957#F1438,2221,1193,3417,0,53712,1119,16644
F8620#F1438,2287,1268,3560,0,53760,1120,16644
F217#F1438,2306,1193,3504,0,53808,1121,16644
F2173#F1438,2363,1306,3672,0,53856,1122,16644
F4217#F1438,2280,1198,3482,0,53904,1123,16644
F12059#F1438,2275,1245,3524,0,54000,1125,16644
F1903#F1438,2265,1253,3522,0,54048,1126,16644
F1043#F1438,2493,1187,3683,0,54096,1127,16644
F4855#F1438,2400,1265,3669,0,54144,1128,16644
F5475#F1438,2327,1261,3591,0,54240,1130,16644
F9163#F1438,2346,1257,3606,0,54288,1131,16644
F1608#F1438,2329,1207,3540,0,54336,1132,16644
F21#F1438,2343,1200,3548,0,54384,1133,16644
F6691#F1438,2269,1223,3496,0,54480,1135,16644
F172#F1438,2274,1288,3566,0,54720,1140,16644
F1774#F1438,2284,1268,3555,0,54816,1142,16644
F11238#F1438,2363,1223,3591,0,54864,1143,16644
F2707#F1438,2374,1370,3748,0,54912,1144,16644
F1997#F1438,2375,1223,3602,0,55008,1146,16644
F1234#F1438,2290,1221,3514,0,55104,1148,16644
F3677#F1438,2338,1284,3627,0,55152,1149,16644
F5021#F1438,2445,1230,3679,0,55248,1151,16644
F7114#F1438,2464,1246,3716,0,55296,1152,16644
F2443#F1438,2372,1255,3631,0,55344,1153,16644
F1226#F1438,2294,1222,3521,0,55392,1154,16644
F3316#F1438,2444,1429,3877,0,55488,1156,16644
F4910#F1438,2319,1207,3529,0,55536,1157,16644
F111#F1438,2296,1232,3531,0,55584,1158,16644
F10823#F1438,2445,1242,3690,0,55632,1159,16644
F7119#F1438,2442,1354,3799,0,55680,1160,16644
F1692#F1438,2561,1319,3885,0,55728,1161,16644
F13914#F1438,2429,1381,3814,0,55824,1163,16644
F3165#F1438,2410,1358,3771,0,55920,1165,16644
F690#F1438,2475,1314,3798,0,55968,1166,16644
F3581#F1438,2392,1258,3655,0,56016,1167,16644
F6767#F1438,2344,1239,3588,0,56064,1168,16644
F2018#F1438,2496,1281,3781,0,56160,1170,16644
F1455#F1438,2377,1274,3656,0,56208,1171,16644
F8155#F1438,2388,1320,3712,0,56256,1172,16644
F1100#F1438,2417,2077,4498,0,56304,1173,16644
F466#F1438,2490,1466,3960,0,56352,1174,16644
F7598#F1438,2462,1308,3774,0,56400,1175,16644
F5120#F1438,2477,1375,3855,0,56448,1176,16644
F3337#F1438,2573,1553,4131,0,56496,1177,16644
F2105#F1438,2475,1255,3735,0,56544,1178,16644
F4611#F1438,2446,1263,3712,0,56592,1179,16644
F12006#F1438,2468,1327,3799,0,56640,1180,16644
F10807#F1438,2704,1283,3992,0,56688,1181,16644
F49#F1438,2337,1257,3599,0,56736,1182,16644
F5909#F1438,2353,1319,3676,0,56784,1183,16644
F17381#F1438,2438,1311,3754,0,56832,1184,16644
F4292#F1438,2376,1287,3666,0,56928,1186,16644
F4581#F1438,2487,1397,3888,0,57024,1188,16644
F2929#F1438,2630,1762,4396,0,57072,1189,16644
F14754#F1438,2601,1513,4119,0,57120,1190,16644
F1713#F1438,2459,1364,3826,0,57264,1193,16644
F3179#F1438,2563,1467,4034,0,57312,1194,16644
F2258#F1438,2497,1347,3848,0,57360,1195,16644
F1747#F1438,2374,1303,3680,0,57408,1196,16644
F584#F1438,2384,1356,3743,0,57456,1197,16644
F9968#F1438,2427,1304,3736,0,57504,1198,16644
F1255#F1438,2402,1301,3707,0,57552,1199,16644
F10696#F1438,2416,1348,3768,0,57648,1201,16644
F1574#F1438,2416,1294,3714,0,57792,1204,16644
F14468#F1438,2431,1294,3729,0,57840,1205,16644
F1941#F1438,2445,1367,3816,0,57888,1206,16644
F1786#F1438,2374,1281,3660,0,57936,1207,16644
F3416#F1438,2463,1296,3764,0,57984,1208,16644
F1808#F1438,2519,1322,3845,0,58032,1209,16644
F4425#F1438,2502,1414,3919,0,58080,1210,16644
F1954#F1438,2599,1483,4087,0,58128,1211,16644
F4666#F1438,2507,1424,3934,0,58176,1212,16644
F11249#F1438,2509,1328,3843,0,58272,1214,16644
F7187#F1438,2402,1306,3713,0,58368,1216,16644
F1611#F1438,2422,1336,3762,0,58464,1218,16644
F602#F1438,2466,1399,3869,0,58608,1221,16644
F45#F1438,2538,1381,3922,0,58656,1222,16644
F6512#F1438,2516,1335,3854,0,58704,1223,16644
F10267#F1438,2507,1333,3844,0,58848,1226,16644
F187#F1438,2476,1314,3795,0,58896,1227,16644
F3193#F1438,2413,1394,3812,0,58992,1229,16644
F1000#F1438,2458,1452,3914,0,59040,1230,16644
F3141#F1438,2526,1549,4080,0,59184,1233,16644
F8681#F1438,2823,1596,4422,0,59232,1234,16644
F2396#F1438,2456,1293,3753,0,59280,1235,16644
F1504#F1438,2567,1345,3917,0,59328,1236,16644
F430#F1438,2596,1335,3934,0,59376,1237,16644
F1345#F1438,2631,1375,4010,0,59424,1238,16644
F1154#F1438,2523,1379,3905,0,59472,1239,16644
F10073#F1438,2621,1377,4002,0,59520,1240,16644
F1909#F1438,2499,1348,3852,0,59568,1241,16644
F2603#F1438,2559,1334,3899,0,59616,1242,16644
F1401#F1438,3133,1533,4669,0,59664,1243,16644
F1125#F1438,2550,1476,4029,0,59712,1244,16644
F1689#F1438,2667,1510,4181,0,59760,1245,16644
F1032#F1438,2840,1452,4297,0,59808,1246,16644
F7933#F1438,2578,1421,4003,0,59952,1249,16644
F1135#F1438,2908,1555,4467,0,60000,1250,16644
F2265#F1438,2603,1630,4237,0,60240,1255,16644
F1725#F1438,2610,1486,4099,0,60336,1257,16644
F3214#F1438,2540,1452,3996,0,60384,1258,16644
F10583#F1438,2576,1488,4068,0,60432,1259,16644
F2166#F1438,2866,1577,4448,0,60528,1261,16644
F7267#F1438,3749,1492,5245,0,60576,1262,16644
F9099#F1438,2614,1393,4011,0,60672,1264,16644
F651#F1438,2688,1519,4212,0,60720,1265,16644
F240#F1438,2770,1798,4572,0,60768,1266,16644
F1927#F1438,2696,1510,4211,0,60816,1267,16644
F2023#F1438,2638,1530,4172,0,60864,1268,16644
F5785#F1438,5259,1566,6828,0,60912,1269,16644
F11042#F1438,2477,1351,3834,0,60960,1270,16644
F12596#F1438,2542,1399,3946,0,61008,1271,16644
F8198#F1438,2633,1486,4123,0,61056,1272,16644
F4332#F1438,2647,1774,4425,0,61104,1273,16644
F1124#F1438,2717,1401,4122,0,61152,1274,16644
F1295#F1438,2759,1379,4142,0,61200,1275,16644
F2873#F1438,2560,1450,4014,0,61296,1277,16644
F1865#F1438,2642,1478,4124,0,61344,1278,16644
F28553#F1438,2591,1495,4090,0,61392,1279,16644
F2967#F1438,2597,1397,3998,0,61440,1280,16644
F6884#F1438,2626,1419,4049,0,61488,1281,16644
F4976#F1438,2645,1542,4190,0,61536,1282,16644
F10680#F1438,3648,1440,5092,0,61632,1284,16644
F9182#F1438,2637,1448,4089,0,61680,1285,16644
F11511#F1438,2647,1446,4097,0,61728,1286,16644
F10899#F1438,2565,3401,5970,0,61776,1287,16644
F1171#F1438,2567,1414,3985,0,61824,1288,16644
F8888#F1438,2592,1396,3991,0,61920,1290,16644
F1654#F1438,2629,1406,4041,0,61968,1291,16644
F1886#F1438,2670,1627,4302,0,62016,1292,16644
F2689#F1438,2642,1443,4088,0,62064,1293,16644
F400#F1438,2632,1472,4108,0,62112,1294,16644
F12993#F1438,2603,1407,4015,0,62160,1295,16644
F9114#F1438,2577,1476,4056,0,62208,1296,16644
F11000#F1438,2624,1463,4091,0,62256,1297,16644
F3753#F1438,2657,1433,4095,0,62304,1298,16644
F4942#F1438,2601,1449,4055,0,62352,1299,16644
F1899#F1438,2682,1427,4115,0,62400,1300,16644
F2498#F1438,2659,1409,4073,0,62448,1301,16644
F1675#F1438,2576,1436,4016,0,62496,1302,16644
F7286#F1438,2565,1506,4074,0,62544,1303,16644
F4946#F1438,2711,1866,4580,0,62640,1305,16644
F0#F1438,2882,1563,4449,0,62736,1307,16644
F7857#F1438,2568,1636,4208,0,62784,1308,16644
F1805#F1438,2760,1524,4288,0,62832,1309,16644
F5239#F1438,2916,1561,4480,0,62928,1311,16644
F5999#F1438,2881,1686,4571,0,62976,1312,16644
F10575#F1438,2819,1502,4325,0,63024,1313,16644
F6146#F1438,2671,1538,4212,0,63072,1314,16644
F1653#F1438,2907,1462,4372,0,63264,1318,16644
F5199#F1438,2722,1671,4396,0,63456,1322,16644
F2765#F1438,2528,1520,4052,0,63696,1327,16644
F8190#F1438,2660,1459,4123,0,63744,1328,16644
F160#F1438,2645,1470,4121,0,63840,1330,16644
F8851#F1438,2622,1468,4094,0,63936,1332,16644
F1425#F1438,2562,1536,4102,0,63984,1333,16644
F21909#F1438,2529,1547,4080,0,64080,1335,16644
F897#F1438,2665,1574,4244,0,64128,1336,16644
F1445#F1438,2626,1461,4090,0,64176,1337,16644
F1332#F1438,2714,1454,4172,0,64224,1338,16644
F1058#F1438,2669,1464,4136,0,64368,1341,16644
F7298#F1438,2602,1460,4067,0,64416,1342,16644
F3004#F1438,2624,1474,4102,0,64464,1343,16644
F6345#F1438,2659,1490,4153,0,64512,1344,16644
F9441#F1438,2631,1528,4163,0,64656,1347,16644
F12959#F1438,2581,1483,4069,0,64704,1348,16644
F4675#F1438,2644,1867,4515,0,64752,1349,16644
F662#F1438,2756,1743,4503,0,64800,1350,16644
F1697#F1438,2579,1497,4080,0,64848,1351,16644
F7721#F1438,2667,1462,4133,0,65040,1355,16644
F2282#F1438,2620,1480,4105,0,65088,1356,16644
F3381#F1438,2744,1589,4337,0,65232,1359,16644
F556#F1438,2693,1514,4211,0,65280,1360,16644
F2723#F1438,2630,1563,4197,0,65328,1361,16644
F324#F1438,2793,1626,4423,0,65376,1362,16644
F3978#F1438,2704,1515,4223,0,65424,1363,16644
F1311#F1438,2863,1758,4625,0,65472,1364,16644
F2678#F1438,2752,1644,4401,0,65520,1365,16644
F1360#F1438,2910,1556,4471,0,65616,1367,16644
F1596#F1438,2775,1568,4348,0,65712,1369,16644
F3495#F1438,2606,1489,4100,0,65760,1370,16644
F3997#F1438,2651,1476,4132,0,65808,1371,16644
F1968#F1438,2742,1579,4326,0,65904,1373,16644
F1347#F1438,2657,1484,4145,0,66000,1375,16644
F3812#F1438,2696,1546,4246,0,66048,1376,16644
F3415#F1438,2670,1535,4210,0,66192,1379,16644
F3634#F1438,2763,1524,4292,0,66240,1380,16644
F2715#F1438,2771,1595,4371,0,66288,1381,16644
F79#F1438,2743,1623,4370,0,66528,1386,16644
F6557#F1438,2668,1545,4217,0,66624,1388,16644
F4701#F1438,2764,1608,4376,0,66672,1389,16644
F372#F1438,2769,1643,4416,0,66768,1391,16644
F2061#F1438,2707,1510,4223,0,67056,1397,16644
F2632#F1438,2796,1666,4467,0,67104,1398,16644
F11846#F1438,3025,1713,4741,0,67200,1400,16644
F5291#F1438,2816,1501,4323,0,67296,1402,16644
F237#F1438,2741,1522,4267,0,67344,1403,16644
F8331#F1438,2787,1790,4580,0,67584,1408,16644
F8259#F1438,2740,1556,4301,0,67680,1410,16644
F2445#F1438,2778,1543,4324,0,67872,1414,16644
F3534#F1438,2714,1557,4276,0,67920,1415,16644
F12595#F1438,2843,1599,4446,0,68016,1417,16644
F6072#F1438,2898,1532,4433,0,68064,1418,16644
F4062#F1438,2776,1526,4306,0,68112,1419,16644
F10230#F1438,2834,1544,4383,0,68160,1420,16644
F4464#F1438,3219,1750,4973,0,68304,1423,16644
F1807#F1438,3041,1661,4706,0,68352,1424,16644
F4072#F1438,3069,1762,4836,0,68544,1428,16644
F2886#F1438,2971,1874,4849,0,68592,1429,16644
F10468#F1438,2964,1674,4641,0,68688,1431,16644
F381#F1438,2887,1774,4664,0,68832,1434,16644
F4978#F1438,3212,1726,4946,0,68880,1435,16644
F2421#F1438,2962,1791,4757,0,69024,1438,16644
F4091#F1438,3010,1674,4687,0,69072,1439,16644
F3262#F1438,2874,1771,4649,0,69216,1442,16644
F15014#F1438,2519,1731,4254,0,69360,1445,16644
F3517#F1438,2682,1797,4483,0,69552,1449,16644
F3826#F1438,2573,1703,4281,0,69648,1451,16644
F1343#F1438,2550,1617,4172,0,69696,1452,16644
F6712#F1438,2521,1580,4113,0,69744,1453,16644
F1163#F1438,2559,1605,4168,0,69792,1454,16644
F9396#F1438,2562,1715,4280,0,69984,1458,16644
F3281#F1438,2674,1697,4376,0,70080,1460,16644
F36#F1438,2555,1848,4407,0,70224,1463,16644
F5596#F1438,2491,1621,4117,0,70272,1464,16644
F2194#F1438,2637,1646,4287,0,70368,1466,16644
F2758#F1438,2557,1606,4167,0,70416,1467,16644
F5#F1438,2552,1733,4291,0,70464,1468,16644
F9772#F1438,2638,1718,4360,0,70512,1469,16644
F3278#F1438,2704,1686,4395,0,70560,1470,16644
F6524#F1438,2578,1653,4236,0,70608,1471,16644
F1579#F1438,2630,1639,4273,0,70800,1475,16644
F2936#F1438,2702,1620,4327,0,70848,1476,16644
F3235#F1438,2593,1634,4230,0,70944,1478,16644
F9103#F1438,2578,1647,4229,0,71040,1480,16644
F1519#F1438,2645,1683,4332,0,71088,1481,16644
F5703#F1438,2637,1651,4292,0,71136,1482,16644
F546#F1438,2620,1644,4268,0,71184,1483,16644
F369#F1438,2592,1661,4256,0,71424,1488,16644
F2211#F1438,2616,1664,4285,0,71520,1490,16644
F2667#F1438,2633,1643,4280,0,71568,1491,16644
F12344#F1438,2598,1714,4316,0,71712,1494,16644
F1710#F1438,2555,1667,4227,0,71904,1498,16644
F13857#F1438,4116,3954,8076,0,72048,1501,16644
F3341#F1438,4409,4064,8480,0,72096,1502,16644
F9230#F1438,5016,4476,9500,0,72144,1503,16644
F7051#F1438,4795,4797,9599,0,72288,1506,16644
F2671#F1438,4232,3124,7362,0,72432,1509,16644
F41#F1438,4230,4577,8815,0,72480,1510,16644
F13032#F1438,4792,3881,8680,0,72528,1511,16644
F1225#F1438,4653,3417,8079,0,72864,1518,16644
F2693#F1438,4581,3941,8530,0,72960,1520,16644
F3351#F1438,4396,4780,9183,0,73008,1521,16644
F2985#F1438,5108,4901,10017,0,73104,1523,16644
F1711#F1438,4577,3498,8084,0,73296,1527,16644
F2217#F1438,4946,2674,7628,0,73344,1528,16644
F5266#F1438,5366,3080,8453,0,73392,1529,16644
F8321#F1438,4422,3088,7519,0,73488,1531,16644
F4087#F1438,4733,2861,7602,0,73536,1532,16644
F2317#F1438,6725,2694,9429,0,73584,1533,16644
F603#F1438,14662,2662,17338,0,73680,1535,16644
F3089#F1438,6853,2634,9497,0,73728,1536,16644
F7518#F1438,7538,2714,10264,0,73824,1538,16644
F1790#F1438,9767,2662,12439,0,73872,1539,16644
F3922#F1438,9059,2917,11986,0,73968,1541,16644
F236#F1438,8759,2865,11635,0,74016,1542,16644
F225#F1438,11263,3133,14406,0,74208,1546,16644
F933#F1438,9563,3018,12592,0,74496,1552,16644
F6818#F1438,9529,2849,12387,0,74544,1553,16644
F4101#F1438,9032,3204,12246,0,74736,1557,16644
F4116#F1438,5059,3266,8334,0,74784,1558,16644
F249#F1438,5338,4613,9965,0,74832,1559,16644
F3882#F1438,5539,3274,8823,0,74880,1560,16644
F3538#F1438,4765,3311,8085,0,75024,1563,16644
F492#F1438,5498,3324,8833,0,75264,1568,16644
F4252#F1438,5088,3339,8436,0,75312,1569,16644
F12938#F1438,5692,3225,8926,0,75456,1572,16644
F3071#F1438,5250,3380,8642,0,75840,1580,16644
F5257#F1438,5470,3284,8762,0,75936,1582,16644
F1185#F1438,5006,3294,8309,0,76080,1585,16644
F1481#F1438,6990,2801,9800,0,76224,1588,16644
F2572#F1438,7664,2972,10646,0,76320,1590,16644
F7489#F1438,9020,3269,12299,0,76368,1591,16644
F323#F1438,5182,3667,8860,0,76512,1594,16644
F3762#F1438,5159,3576,8744,0,76608,1596,16644
F1212#F1438,5428,3597,9036,0,76656,1597,16644
F4759#F1438,5478,3575,9063,0,76848,1601,16644
F1792#F1438,5570,3594,9174,0,76944,1603,16644
F708#F1438,5435,3541,8986,0,77280,1610,16644
F5056#F1438,5408,3581,8998,0,77328,1611,16644
F1716#F1438,5358,3553,8920,0,77568,1616,16644
F1186#F1438,5672,3647,9328,0,78096,1627,16644
F2841#F1438,5552,3690,9250,0,78144,1628,16644
F229#F1438,5527,3668,9204,0,78192,1629,16644
F6998#F1438,6023,3405,9439,0,78528,1636,16644
F6416#F1438,5461,3558,9031,0,78576,1637,16644
F1929#F1438,6363,3250,9624,0,78672,1639,16644
F576#F1438,6168,3459,9637,0,78816,1642,16644
F404#F1438,5616,4368,9994,0,78864,1643,16644
F12954#F1438,8419,5951,14384,0,79056,1647,16644
F3998#F1438,8150,4885,13049,0,79392,1654,16644
F1868#F1438,9032,3530,12571,0,79440,1655,16644
F8292#F1438,9184,3295,12487,0,79488,1656,16644
F1544#F1438,11890,3489,15390,0,79536,1657,16644
F5629#F1438,8483,4664,13160,0,79632,1659,16644
F2787#F1438,7237,3198,10447,0,79680,1660,16644
F1242#F1438,8176,3839,12022,0,79824,1663,16644
F5727#F1438,5078,2771,7860,0,79872,1664,16644
F3046#F1438,17406,1942,19354,0,80112,1669,16644
F513#F1438,4406,2052,6464,0,80304,1673,16644
F1038#F1438,4084,2104,6195,0,80400,1675,16644
F6361#F1438,3557,1915,5476,0,80736,1682,16644
F12191#F1438,3745,5042,8797,0,80832,1684,16644
F2235#F1438,4857,2047,6910,0,80880,1685,16644
F156#F1438,3729,2090,5825,0,80928,1686,16644
F440#F1438,3889,2387,6291,0,81024,1688,16644
F3444#F1438,4245,2004,6255,0,81216,1692,16644
F2199#F1438,3161,1942,5110,0,81264,1693,16644
F3979#F1438,3300,4396,7705,0,81600,1700,16644
F377#F1438,6244,1941,8197,0,81696,1702,16644
F1590#F1438,4610,2084,6705,0,81984,1708,16644
F596#F1438,7369,3305,10690,0,82032,1709,16644
F1785#F1438,10418,2031,12457,0,82080,1710,16644
F4228#F1438,8458,1862,10327,0,82176,1712,16644
F11267#F1438,4073,1972,6053,0,82224,1713,16644
F5026#F1438,10135,1897,12036,0,82272,1714,16644
F4230#F1438,8875,2468,11350,0,82320,1715,16644
F3894#F1438,3776,1902,5682,0,82368,1716,16644
F452#F1438,8416,1866,10287,0,82512,1719,16644
F10709#F1438,3500,2221,5725,0,82560,1720,16644
F7484#F1438,3755,2563,6323,0,82608,1721,16644
F1857#F1438,4328,2082,6415,0,82656,1722,16644
F5873#F1438,7444,1934,9383,0,82704,1723,16644
F351#F1438,3569,1937,5510,0,82848,1726,16644
F1969#F1438,8283,1896,10183,0,82896,1727,16644
F1288#F1438,3676,1933,5614,0,83232,1734,16644
F410#F1438,3432,1855,5291,0,83328,1736,16644
F4318#F1438,4208,1994,6208,0,83568,1741,16644
F1437#F1438,3903,2025,5932,0,83712,1744,16644
F2960#F1438,3914,2043,5961,0,83904,1748,16644
F4980#F1438,3996,1986,5988,0,84000,1750,16644
F2859#F1438,3767,1971,5742,0,84096,1752,16644
F6740#F1438,3896,8489,12392,0,84144,1753,16644
F75#F1438,3957,1936,5903,0,84384,1758,16644
F4021#F1438,3814,2123,5948,0,84480,1760,16644
F8183#F1438,11192,2131,13329,0,84624,1763,16644
F3114#F1438,5444,2114,7563,0,84912,1769,16644
F10795#F1438,3927,8524,12456,0,85104,1773,16644
F3632#F1438,4344,2091,6439,0,85344,1778,16644
F2029#F1438,4685,2038,6727,0,85440,1780,16644
F3490#F1438,3707,10078,13791,0,85632,1784,16644
F1213#F1438,3917,2268,6190,0,85680,1785,16644
F256#F1438,3734,2086,5825,0,85728,1786,16644
F1680#F1438,3992,2157,6154,0,85776,1787,16644
F4094#F1438,11438,1969,13416,0,86448,1801,16644
F4164#F1438,4022,2105,6132,0,86832,1809,16644
F3770#F1438,4635,2069,6709,0,86928,1811,16644
F2288#F1438,3641,1956,5601,0,87360,1820,16644
F5251#F1438,4068,14070,18145,0,87840,1830,16644
F12372#F1438,3703,2038,5746,0,88368,1841,16644
F1482#F1438,6743,2021,8770,0,88512,1844,16644
F5507#F1438,3552,1943,5501,0,88656,1847,16644
F11959#F1438,3869,2019,5894,0,88704,1848,16644
F298#F1438,16767,1986,18757,0,88752,1849,16644
F3661#F1438,3779,2055,5838,0,88848,1851,16644
F677#F1438,6513,1985,8503,0,88896,1852,16644
F2369#F1438,3633,1977,5615,0,88992,1854,16644
F3724#F1438,3902,5306,9214,0,89040,1855,16644
F2071#F1438,13581,2066,15653,0,89136,1857,16644
F7483#F1438,4313,2490,6808,0,89856,1872,16644
F28#F1438,5919,2120,8044,0,90144,1878,16644
F5591#F1438,4214,2511,6732,0,90720,1890,16644
F1376#F1438,3825,2066,5897,0,91200,1900,16644
F6992#F1438,3974,2131,6109,0,91824,1913,16644
F4788#F1438,4329,2165,6499,0,92112,1919,16644
F1417#F1438,23655,2093,25753,0,92160,1920,16644
F470#F1438,4042,2164,6220,0,92400,1925,16644
F159#F1438,4128,2205,6337,0,93072,1939,16644
F2212#F1438,9060,2098,11164,0,93264,1943,16644
F1823#F1438,4349,2168,6521,0,93408,1946,16644
F2958#F1438,29386,2134,31524,0,93456,1947,16644
F4748#F1438,3904,2198,6106,0,93648,1951,16644
F2366#F1438,4036,2191,6232,0,94032,1959,16644
F7256#F1438,4081,2230,6321,0,94416,1967,16644
F550#F1438,3955,2223,6183,0,94560,1970,16644
F6213#F1438,4330,2150,6486,0,95424,1988,16644
F367#F1438,4126,2197,6330,0,95472,1989,16644
F2263#F1438,4250,2420,6674,0,95616,1992,16644
F450#F1438,4311,2518,6833,0,95904,1998,16644
F358#F1438,4315,2248,6569,0,96240,2005,16644
F2557#F1438,4271,2946,7223,0,96768,2016,16644
F864#F1438,3973,2353,6333,0,96864,2018,16644
F12791#F1438,3588,2416,6011,0,96912,2019,16644
F1132#F1438,3864,2581,6451,0,97008,2021,16644
F9239#F1438,3731,2398,6135,0,97296,2027,16644
F431#F1438,3559,2430,5995,0,97488,2031,16644
F1937#F1438,3699,2278,5982,0,97584,2033,16644
F4824#F1438,3628,2295,5927,0,98304,2048,16644
F2051#F1438,3611,2484,6100,0,98400,2050,16644
F7554#F1438,3756,2315,6075,0,98832,2059,16644
F1291#F1438,3796,2312,6113,0,98976,2062,16644
F955#F1438,3596,2308,5909,0,99456,2072,16644
F2636#F1438,3708,2536,6249,0,99984,2083,16644
F2581#F1438,3852,2339,6196,0,100320,2090,16644
F4065#F1438,3891,2412,6309,0,100656,2097,16644
F3562#F1438,3658,2323,5986,0,100704,2098,16644
F637#F1438,3865,2317,6187,0,100848,2101,16644
F7291#F1438,3774,2423,6202,0,101040,2105,16644
F1667#F1438,4084,2364,6453,0,101232,2109,16644
F121#F1438,3929,2290,6225,0,101376,2112,16644
F2027#F1438,3926,2338,6268,0,101472,2114,16644
F5901#F1438,4225,2381,6611,0,101520,2115,16644
F7245#F1438,4124,2350,6481,0,101664,2118,16644
F6182#F1438,4040,2423,6467,0,102720,2140,16644
F3070#F1438,4360,2518,6882,0,102768,2141,16644
F4807#F1438,3970,2363,6339,0,103632,2159,16644
F46#F1438,4078,2384,6469,0,103680,2160,16644
F1165#F1438,4066,2491,6563,0,104064,2168,16644
F224#F1438,3956,2380,6342,0,104400,2175,16644
F1500#F1438,4214,2421,6640,0,104784,2183,16644
F2502#F1438,4003,2400,6410,0,105072,2189,16644
F5210#F1438,4276,2427,6709,0,105264,2193,16644
F842#F1438,4171,2471,6648,0,105888,2206,16644
F779#F1438,4616,2573,7193,0,106608,2221,16644
F5941#F1438,4143,2454,6602,0,106704,2223,16644
F2774#F1438,3910,2454,6368,0,106800,2225,16644
F5558#F1438,4116,2676,6797,0,106848,2226,16644
F2268#F1438,4227,2523,6757,0,106944,2228,16644
F6644#F1438,4246,2512,6763,0,107664,2243,16644
F2138#F1438,5069,2482,7556,0,107712,2244,16644
F299#F1438,7503,2819,10326,0,108000,2250,16644
F2730#F1438,5040,2787,7832,0,108240,2255,16644
F3509#F1438,6102,3059,9165,0,109008,2271,16644
F5391#F1438,4585,2758,7347,0,109248,2276,16644
F764#F1438,4384,3120,7511,0,109296,2277,16644
F6790#F1438,5185,2688,7878,0,109632,2284,16644
F3209#F1438,5168,2825,7998,0,109776,2287,16644
F4800#F1438,4980,2835,7820,0,110016,2292,16644
F3935#F1438,4743,3465,8213,0,110688,2306,16644
F11796#F1438,5050,2841,7897,0,111024,2313,16644
F2185#F1438,4893,2844,7744,0,111168,2316,16644
F20#F1438,4919,2970,7895,0,111360,2320,16644
F5964#F1438,5020,2989,8015,0,111408,2321,16644
F4069#F1438,4654,2762,7422,0,111552,2324,16644
F666#F1438,4297,2710,7013,0,111792,2329,16644
F1173#F1438,4123,2765,6893,0,112128,2336,16644
F1959#F1438,4677,2797,7483,0,114096,2377,16644
F5824#F1438,4424,3111,7541,0,114288,2381,16644
F9436#F1438,4880,2844,7729,0,114864,2393,16644
F389#F1438,5544,2626,8176,0,115152,2399,16644
F80#F1438,4842,3112,7960,0,115296,2402,16644
F4024#F1438,4531,2728,7265,0,116784,2433,16644
F1559#F1438,5197,2687,7890,0,117456,2447,16644
F3582#F1438,4739,2692,7437,0,117552,2449,16644
F1745#F1438,4910,2738,7653,0,117888,2456,16644
F4262#F1438,5700,2851,8558,0,118416,2467,16644
F326#F1438,6484,2876,9369,0,118512,2469,16644
F115#F1438,5579,2846,8439,0,119232,2484,16644
F2495#F1438,6112,2873,8990,0,119280,2485,16644
F1270#F1438,6011,2845,8863,0,119760,2495,16644
F1274#F1438,6066,2860,8932,0,119952,2499,16644
F6570#F1438,5950,2925,8881,0,120240,2505,16644
F468#F1438,6318,3103,9427,0,120864,2518,16644
F2505#F1438,6323,2982,9311,0,120912,2519,16644
F525#F1438,6389,2937,9332,0,121248,2526,16644
F2983#F1438,5983,2870,8859,0,121296,2527,16644
F5039#F1438,6497,3132,9634,0,123456,2572,16644
F4208#F1438,6054,3087,9147,0,124224,2588,16644
F2474#F1438,6064,3058,9129,0,125040,2605,16644
F1442#F1438,6208,3155,9368,0,125088,2606,16644
F2651#F1438,6028,3305,9341,0,125424,2613,16644
F423#F1438,5770,2997,8774,0,125472,2614,16644
F1518#F1438,6249,3044,9303,0,126336,2632,16644
F220#F1438,6405,3117,9528,0,127104,2648,16644
F1779#F1438,5956,3143,9107,0,129552,2699,16644
F1328#F1438,6273,3174,9453,0,129936,2707,16644
F6838#F1438,6746,3534,10288,0,130752,2724,16644
F593#F1438,6438,3144,9587,0,131040,2730,16644
F6573#F1438,6556,3208,9772,0,131232,2734,16644
F2840#F1438,6642,3117,9767,0,132144,2753,16644
F2538#F1438,6436,3177,9619,0,132384,2758,16644
F4346#F1438,6253,3250,9517,0,134304,2798,16644
F4090#F1438,6235,3231,9473,0,135744,2828,16644
F35#F1438,6276,3130,9412,0,136944,2853,16644
F5780#F1438,6372,3189,9568,0,137952,2874,16644
F2590#F1438,6350,3243,9602,0,138048,2876,16644
F268#F1438,5460,3308,8776,0,140496,2927,16644
F2112#F1438,5970,3875,9856,0,142272,2964,16644
F85#F1438,5852,3379,9238,0,142416,2967,16644
F1172#F1438,5732,3399,9137,0,142800,2975,16644
F1392#F1438,5607,3378,8992,0,143376,2987,16644
F219#F1438,5786,3462,9256,0,143616,2992,16644
F608#F1438,6788,3759,10556,0,146640,3055,16644
F3223#F1438,6620,3714,10341,0,146928,3061,16644
F2934#F1438,6555,3892,10455,0,147360,3070,16644
F1453#F1438,7166,3644,10818,0,149280,3110,16644
F736#F1438,6624,3739,10372,0,151776,3162,16644
F193#F1438,6753,3847,10612,0,152352,3174,16644
F621#F1438,7052,3659,10719,0,152400,3175,16644
F290#F1438,6493,3628,10128,0,153168,3191,16644
F3944#F1438,6957,3727,10691,0,154128,3211,16644
F260#F1438,6529,3750,10287,0,156048,3251,16644
F391#F1438,6349,3782,10144,0,158112,3294,16644
F6425#F1438,6608,3813,10430,0,159120,3315,16644
F3340#F1438,6560,3821,10388,0,159888,3331,16644
F6530#F1438,6887,3866,10763,0,161232,3359,16644
F1030#F1438,7294,3836,11138,0,162000,3375,16644
F2248#F1438,6637,3839,10484,0,163008,3396,16644
F4053#F1438,6783,4037,10827,0,163392,3404,16644
F2824#F1438,6397,4055,10460,0,163872,3414,16644
F412#F1438,7140,3935,11082,0,164448,3426,16644
F1250#F1438,7335,4046,11390,0,170688,3556,16644
F994#F1438,7318,4109,11442,0,173184,3608,16644
F1789#F1438,7713,4159,11880,0,174480,3635,16644
F4180#F1438,6928,4169,11107,0,174720,3640,16644
F5658#F1438,7184,4281,11475,0,176784,3683,16644
F264#F1438,7859,4397,12266,0,177648,3701,16644
F4142#F1438,7619,4429,12058,0,178128,3711,16644
F1699#F1438,8008,5047,13065,0,183120,3815,16644
F103#F1438,7791,4911,12714,0,186192,3879,16644
F4917#F1438,7962,4432,12402,0,186240,3880,16644
F2054#F1438,8139,4445,12593,0,186384,3883,16644
F2430#F1438,8525,4503,13047,0,187104,3898,16644
F2953#F1438,8868,4684,13561,0,188880,3935,16644
F6519#F1438,7944,4619,12572,0,193104,4023,16644
F776#F1438,8852,4958,13818,0,200112,4169,16644
F1671#F1438,8671,4788,13467,0,203088,4231,16644
F1227#F1438,8674,5021,13705,0,212208,4421,16644
F2631#F1438,8967,5158,14135,0,212496,4427,16644
F1313#F1438,10089,5113,15214,0,215472,4489,16644
F1235#F1438,9434,5174,14617,0,219024,4563,16644
F3699#F1438,9425,5405,14845,0,226944,4728,16644
F6996#F1438,11508,6322,17839,0,253152,5274,16644
F133#F1438,11412,6828,18252,0,274848,5726,16644
F78#F1438,11724,6913,18651,0,294480,6135,16644
F1107#F1438,14610,7967,22596,0,334512,6969,16644
F177#F1438,19422,10582,30026,0,451728,9411,16644
F1695#F1438,19001,10792,29820,0,456864,9518,16644
F845#F1438,21921,11921,33870,0,492864,10268,16644
F774#F1438,31129,18009,49177,0,761664,15868,16644
F1438#F1438,32962,18874,51872,0,798912,16644,16644
